"タスク名","開始時刻","終了時刻","左クリック","右クリック","打鍵回数"
"ファイル操作","2013年02月04日09時51分14秒","2013年02月04日09時51分34秒","1","0","0"
"ファイル操作","2013年02月04日09時51分35秒","2013年02月04日09時51分37秒","0","0","0"
"ファイル操作","2013年02月04日09時51分37秒","2013年02月04日09時51分39秒","0","0","0"
"ファイル操作","2013年02月04日09時51分39秒","2013年02月04日09時51分48秒","0","0","0"
"ファイル操作","2013年02月04日09時51分48秒","2013年02月04日09時51分49秒","0","0","0"
"ファイル操作","2013年02月04日09時51分49秒","2013年02月04日09時51分50秒","0","0","0"
"ファイル操作","2013年02月04日09時51分50秒","2013年02月04日09時51分55秒","0","0","0"
"ファイル操作","2013年02月04日09時51分55秒","2013年02月04日09時51分56秒","0","0","0"
"ファイル操作","2013年02月04日09時51分56秒","2013年02月04日09時51分59秒","0","0","0"
"ファイル操作","2013年02月04日09時51分59秒","2013年02月04日09時52分08秒","0","0","0"
"ファイル操作","2013年02月04日09時52分08秒","2013年02月04日09時52分15秒","0","0","1"
"ファイル操作","2013年02月04日09時52分15秒","2013年02月04日09時52分16秒","0","0","0"
"ファイル操作","2013年02月04日09時52分16秒","2013年02月04日09時52分17秒","0","0","0"
"ファイル操作","2013年02月04日09時52分17秒","2013年02月04日09時52分29秒","0","0","0"
"ブラウザ","2013年02月04日09時52分29秒","2013年02月04日09時52分34秒","0","0","0"
"ブラウザ","2013年02月04日09時52分35秒","2013年02月04日09時52分35秒","0","0","0"
"ブラウザ","2013年02月04日09時52分35秒","2013年02月04日09時52分36秒","0","0","0"
"ファイル操作","2013年02月04日09時52分36秒","2013年02月04日09時52分37秒","0","0","0"
"ブラウザ","2013年02月04日09時52分37秒","2013年02月04日09時52分39秒","0","0","0"
"ブラウザ","2013年02月04日09時52分39秒","2013年02月04日09時52分40秒","0","0","0"
"ブラウザ","2013年02月04日09時52分40秒","2013年02月04日09時52分41秒","0","0","0"
"ブラウザ","2013年02月04日09時52分41秒","2013年02月04日09時52分42秒","0","0","0"
"メール","2013年02月04日09時52分43秒","2013年02月04日09時52分45秒","0","0","0"
"ブラウザ","2013年02月04日09時52分45秒","2013年02月04日09時52分48秒","0","0","0"
"ブラウザ","2013年02月04日09時52分48秒","2013年02月04日09時52分49秒","0","0","0"
"ブラウザ","2013年02月04日09時52分49秒","2013年02月04日09時52分54秒","0","0","0"
"ブラウザ","2013年02月04日09時52分54秒","2013年02月04日09時52分57秒","0","0","0"
"ブラウザ","2013年02月04日09時52分57秒","2013年02月04日09時53分00秒","0","0","0"
"ブラウザ","2013年02月04日09時53分00秒","2013年02月04日09時53分03秒","0","0","0"
"ブラウザ","2013年02月04日09時53分03秒","2013年02月04日09時53分09秒","0","0","0"
"ファイル操作","2013年02月04日09時53分09秒","2013年02月04日09時53分12秒","0","0","0"
"ブラウザ","2013年02月04日09時53分12秒","2013年02月04日09時53分16秒","0","0","1"
"ブラウザ","2013年02月04日09時53分16秒","2013年02月04日09時53分18秒","0","0","0"
"ブラウザ","2013年02月04日09時53分18秒","2013年02月04日09時53分19秒","0","0","0"
"ブラウザ","2013年02月04日09時53分19秒","2013年02月04日09時53分21秒","0","0","0"
"ブラウザ","2013年02月04日09時53分21秒","2013年02月04日09時53分23秒","0","0","0"
"ブラウザ","2013年02月04日09時53分23秒","2013年02月04日09時53分28秒","0","0","0"
"ブラウザ","2013年02月04日09時53分28秒","2013年02月04日09時53分33秒","0","0","0"
"ファイル操作","2013年02月04日09時53分33秒","2013年02月04日09時53分34秒","0","0","0"
"ファイル操作","2013年02月04日09時53分34秒","2013年02月04日09時53分41秒","0","0","0"
"エクセル","2013年02月04日09時53分41秒","2013年02月04日09時53分42秒","0","0","0"
"エクセル","2013年02月04日09時53分42秒","2013年02月04日09時53分45秒","0","0","0"
"エクセル","2013年02月04日09時53分45秒","2013年02月04日09時53分47秒","0","0","0"
"エクセル","2013年02月04日09時53分47秒","2013年02月04日09時53分49秒","0","0","0"
"エクセル","2013年02月04日09時53分49秒","2013年02月04日09時53分57秒","0","0","2"
"ファイル操作","2013年02月04日09時53分57秒","2013年02月04日09時53分59秒","0","0","0"
"ファイル操作","2013年02月04日09時53分59秒","2013年02月04日09時54分01秒","0","0","0"
"ファイル操作","2013年02月04日09時54分01秒","2013年02月04日09時54分02秒","0","0","0"
"ファイル操作","2013年02月04日09時54分02秒","2013年02月04日09時54分18秒","0","0","0"
"ファイル操作","2013年02月04日09時54分18秒","2013年02月04日09時54分19秒","0","0","0"
"エクセル","2013年02月04日09時54分19秒","2013年02月04日09時54分21秒","0","0","0"
"ファイル操作","2013年02月04日09時54分21秒","2013年02月04日09時54分24秒","0","0","0"
"ファイル操作","2013年02月04日09時54分24秒","2013年02月04日09時54分26秒","0","0","0"
"ファイル操作","2013年02月04日09時54分26秒","2013年02月04日09時54分27秒","0","0","0"
"ファイル操作","2013年02月04日09時54分27秒","2013年02月04日09時54分38秒","0","0","0"
"ファイル操作","2013年02月04日09時54分38秒","2013年02月04日09時54分43秒","0","0","0"
"エクセル","2013年02月04日09時54分43秒","2013年02月04日09時54分46秒","0","0","2"
"エクセル","2013年02月04日09時54分46秒","2013年02月04日09時54分47秒","0","0","0"
"エクセル","2013年02月04日09時54分47秒","2013年02月04日09時54分49秒","0","0","0"
"ファイル操作","2013年02月04日09時54分49秒","2013年02月04日09時54分58秒","0","0","0"
"ブラウザ","2013年02月04日09時54分58秒","2013年02月04日09時55分00秒","0","0","0"
"ブラウザ","2013年02月04日09時55分00秒","2013年02月04日09時55分01秒","0","0","1"
"ブラウザ","2013年02月04日09時55分01秒","2013年02月04日09時55分03秒","0","0","0"
"ブラウザ","2013年02月04日09時55分03秒","2013年02月04日09時55分04秒","0","0","0"
"ブラウザ","2013年02月04日09時55分04秒","2013年02月04日09時55分23秒","0","0","0"
"ブラウザ","2013年02月04日09時55分23秒","2013年02月04日09時55分28秒","0","0","0"
"ブラウザ","2013年02月04日09時55分28秒","2013年02月04日09時55分30秒","0","0","0"
"ファイル操作","2013年02月04日09時55分30秒","2013年02月04日09時55分31秒","0","0","0"
"メール","2013年02月04日09時55分31秒","2013年02月04日09時55分33秒","0","0","0"
"メール","2013年02月04日09時55分33秒","2013年02月04日09時55分35秒","0","0","0"
"メール","2013年02月04日09時55分35秒","2013年02月04日09時55分36秒","0","0","0"
"メール","2013年02月04日09時55分36秒","2013年02月04日09時55分38秒","0","0","0"
"メール","2013年02月04日09時55分38秒","2013年02月04日09時55分39秒","0","0","0"
"メール","2013年02月04日09時55分39秒","2013年02月04日09時55分40秒","0","0","0"
"メール","2013年02月04日09時55分40秒","2013年02月04日09時55分51秒","0","0","0"
"メール","2013年02月04日09時55分51秒","2013年02月04日09時55分52秒","0","0","0"
"メール","2013年02月04日09時55分52秒","2013年02月04日09時55分53秒","0","0","0"
"メール","2013年02月04日09時55分53秒","2013年02月04日09時55分59秒","0","0","0"
"メール","2013年02月04日09時55分59秒","2013年02月04日09時56分00秒","0","0","0"
"メール","2013年02月04日09時56分00秒","2013年02月04日09時56分03秒","0","0","0"
"メール","2013年02月04日09時56分03秒","2013年02月04日09時56分06秒","0","0","0"
"ブラウザ","2013年02月04日09時56分07秒","2013年02月04日09時56分14秒","0","0","7"
"ブラウザ","2013年02月04日09時56分14秒","2013年02月04日09時56分22秒","0","0","0"
"ブラウザ","2013年02月04日09時56分22秒","2013年02月04日09時56分24秒","0","0","0"
"登録外","2013年02月04日09時56分24秒","2013年02月04日09時57分46秒","0","0","0"
"ファイル操作","2013年02月04日09時57分46秒","2013年02月04日09時57分48秒","0","0","0"
"登録外","2013年02月04日09時57分48秒","2013年02月04日09時57分50秒","0","0","0"
"登録外","2013年02月04日09時57分50秒","2013年02月04日09時57分51秒","0","0","0"
"メール","2013年02月04日09時57分51秒","2013年02月04日09時58分05秒","0","0","0"
"登録外","2013年02月04日09時58分05秒","2013年02月04日09時58分13秒","0","0","15"
"登録外","2013年02月04日09時58分13秒","2013年02月04日09時58分14秒","0","0","0"
"ブラウザ","2013年02月04日09時58分14秒","2013年02月04日09時58分22秒","0","0","1"
"ブラウザ","2013年02月04日09時58分22秒","2013年02月04日09時58分25秒","0","0","0"
"ブラウザ","2013年02月04日09時58分25秒","2013年02月04日09時58分26秒","0","0","0"
"登録外","2013年02月04日09時58分26秒","2013年02月04日09時58分28秒","0","0","0"
"登録外","2013年02月04日09時58分28秒","2013年02月04日09時58分29秒","0","0","0"
"登録外","2013年02月04日09時58分29秒","2013年02月04日09時58分49秒","0","0","0"
"登録外","2013年02月04日09時58分49秒","2013年02月04日09時58分50秒","0","0","0"
"登録外","2013年02月04日09時58分50秒","2013年02月04日09時58分56秒","0","0","0"
"ファイル操作","2013年02月04日09時58分56秒","2013年02月04日09時58分58秒","0","0","8"
"ファイル操作","2013年02月04日09時58分58秒","2013年02月04日09時58分59秒","0","0","0"
"ファイル操作","2013年02月04日09時58分59秒","2013年02月04日09時59分01秒","0","0","0"
"ファイル操作","2013年02月04日09時59分01秒","2013年02月04日09時59分02秒","0","0","0"
"ファイル操作","2013年02月04日09時59分02秒","2013年02月04日09時59分12秒","0","0","16"
"登録外","2013年02月04日09時59分14秒","2013年02月04日09時59分27秒","0","0","0"
"登録外","2013年02月04日09時59分27秒","2013年02月04日09時59分38秒","0","0","0"
"登録外","2013年02月04日09時59分38秒","2013年02月04日09時59分41秒","0","0","0"
"登録外","2013年02月04日09時59分41秒","2013年02月04日09時59分50秒","0","0","0"
"登録外","2013年02月04日09時59分50秒","2013年02月04日09時59分57秒","0","0","0"
"登録外","2013年02月04日09時59分57秒","2013年02月04日09時59分59秒","0","0","0"
"登録外","2013年02月04日09時59分59秒","2013年02月04日10時00分01秒","0","0","0"
"登録外","2013年02月04日10時00分01秒","2013年02月04日10時00分02秒","0","0","0"
"登録外","2013年02月04日10時00分02秒","2013年02月04日10時00分06秒","0","0","0"
"登録外","2013年02月04日10時00分06秒","2013年02月04日10時00分07秒","0","0","0"
"ブラウザ","2013年02月04日10時00分07秒","2013年02月04日10時00分24秒","0","0","0"
"登録外","2013年02月04日10時00分24秒","2013年02月04日10時00分35秒","0","0","0"
"ファイル操作","2013年02月04日10時00分35秒","2013年02月04日10時00分39秒","0","0","0"
"エクセル","2013年02月04日10時00分39秒","2013年02月04日10時01分21秒","0","0","6"
"登録外","2013年02月04日10時01分22秒","2013年02月04日10時01分24秒","0","0","0"
"ブラウザ","2013年02月04日10時01分24秒","2013年02月04日10時01分27秒","0","0","0"
"メール","2013年02月04日10時01分27秒","2013年02月04日10時01分29秒","0","0","0"
"ブラウザ","2013年02月04日10時01分29秒","2013年02月04日10時01分32秒","0","0","0"
"ブラウザ","2013年02月04日10時01分32秒","2013年02月04日10時01分33秒","0","0","0"
"ブラウザ","2013年02月04日10時01分33秒","2013年02月04日10時01分40秒","0","0","8"
"ブラウザ","2013年02月04日10時01分40秒","2013年02月04日10時01分53秒","0","0","1"
"ブラウザ","2013年02月04日10時01分53秒","2013年02月04日10時01分55秒","0","0","0"
"ブラウザ","2013年02月04日10時01分55秒","2013年02月04日10時02分02秒","0","0","0"
"ブラウザ","2013年02月04日10時02分02秒","2013年02月04日10時02分06秒","0","0","0"
"ブラウザ","2013年02月04日10時02分06秒","2013年02月04日10時02分07秒","0","0","0"
"ブラウザ","2013年02月04日10時02分07秒","2013年02月04日10時02分09秒","0","0","0"
"ブラウザ","2013年02月04日10時02分09秒","2013年02月04日10時02分11秒","0","0","0"
"ブラウザ","2013年02月04日10時02分11秒","2013年02月04日10時02分16秒","0","0","2"
"ファイル操作","2013年02月04日10時02分16秒","2013年02月04日10時02分22秒","0","0","0"
"エクセル","2013年02月04日10時02分22秒","2013年02月04日10時02分26秒","0","0","0"
"ファイル操作","2013年02月04日10時02分26秒","2013年02月04日10時02分35秒","0","0","0"
"エクセル","2013年02月04日10時02分35秒","2013年02月04日10時02分36秒","0","0","0"
"エクセル","2013年02月04日10時02分36秒","2013年02月04日10時03分18秒","0","0","0"
"ファイル操作","2013年02月04日10時03分18秒","2013年02月04日10時03分21秒","0","0","0"
"ファイル操作","2013年02月04日10時03分21秒","2013年02月04日10時03分22秒","0","0","0"
"登録外","2013年02月04日10時03分22秒","2013年02月04日10時03分24秒","0","0","0"
"エクセル","2013年02月04日10時03分24秒","2013年02月04日10時03分37秒","0","0","0"
"ファイル操作","2013年02月04日10時03分37秒","2013年02月04日10時03分44秒","0","0","0"
"エクセル","2013年02月04日10時03分44秒","2013年02月04日10時03分50秒","0","0","0"
"ファイル操作","2013年02月04日10時03分50秒","2013年02月04日10時03分51秒","0","0","0"
"エクセル","2013年02月04日10時03分51秒","2013年02月04日10時03分53秒","0","0","0"
"登録外","2013年02月04日10時03分53秒","2013年02月04日10時03分55秒","0","0","0"
"エクセル","2013年02月04日10時03分55秒","2013年02月04日10時04分03秒","0","0","1"
"登録外","2013年02月04日10時04分03秒","2013年02月04日10時04分25秒","0","0","2"
"エクセル","2013年02月04日10時04分25秒","2013年02月04日10時04分28秒","0","0","2"
"ファイル操作","2013年02月04日10時04分28秒","2013年02月04日10時04分30秒","0","0","0"
"ファイル操作","2013年02月04日10時04分30秒","2013年02月04日10時04分32秒","0","0","0"
"ファイル操作","2013年02月04日10時04分32秒","2013年02月04日10時04分34秒","0","0","0"
"ファイル操作","2013年02月04日10時04分34秒","2013年02月04日10時04分37秒","0","0","2"
"ファイル操作","2013年02月04日10時04分37秒","2013年02月04日10時04分38秒","0","0","0"
"ファイル操作","2013年02月04日10時04分38秒","2013年02月04日10時04分40秒","0","0","0"
"ファイル操作","2013年02月04日10時04分40秒","2013年02月04日10時04分43秒","0","0","0"
"ファイル操作","2013年02月04日10時04分43秒","2013年02月04日10時04分58秒","0","0","0"
"登録外","2013年02月04日10時04分58秒","2013年02月04日10時05分02秒","0","0","8"
"登録外","2013年02月04日10時05分02秒","2013年02月04日10時05分03秒","0","0","0"
"ファイル操作","2013年02月04日10時05分03秒","2013年02月04日10時05分04秒","0","0","0"
"登録外","2013年02月04日10時05分04秒","2013年02月04日10時05分19秒","0","0","0"
"登録外","2013年02月04日10時05分19秒","2013年02月04日10時05分24秒","0","0","0"
"登録外","2013年02月04日10時05分24秒","2013年02月04日10時05分51秒","0","0","0"
"登録外","2013年02月04日10時05分51秒","2013年02月04日10時05分53秒","0","0","0"
"登録外","2013年02月04日10時05分53秒","2013年02月04日10時05分55秒","0","0","0"
"メール","2013年02月04日10時05分55秒","2013年02月04日10時06分53秒","0","0","0"
"登録外","2013年02月04日10時06分53秒","2013年02月04日10時07分00秒","0","0","0"
"登録外","2013年02月04日10時07分00秒","2013年02月04日10時07分01秒","0","0","0"
"登録外","2013年02月04日10時07分01秒","2013年02月04日10時07分02秒","0","0","0"
"メール","2013年02月04日10時07分02秒","2013年02月04日10時07分03秒","0","0","0"
"メール","2013年02月04日10時07分03秒","2013年02月04日10時07分09秒","0","0","2"
"登録外","2013年02月04日10時07分09秒","2013年02月04日10時07分18秒","0","0","0"
"登録外","2013年02月04日10時07分18秒","2013年02月04日10時07分22秒","0","0","4"
"登録外","2013年02月04日10時07分22秒","2013年02月04日10時07分24秒","0","0","0"
"登録外","2013年02月04日10時07分24秒","2013年02月04日10時07分31秒","0","0","0"
"エクセル","2013年02月04日10時07分31秒","2013年02月04日10時07分33秒","0","0","0"
"登録外","2013年02月04日10時07分33秒","2013年02月04日10時07分47秒","0","0","0"
"エクセル","2013年02月04日10時07分47秒","2013年02月04日10時08分19秒","0","0","0"
"登録外","2013年02月04日10時08分19秒","2013年02月04日10時08分27秒","0","0","0"
"登録外","2013年02月04日10時08分27秒","2013年02月04日10時08分31秒","0","0","0"
"登録外","2013年02月04日10時08分31秒","2013年02月04日10時08分48秒","0","0","0"
"ファイル操作","2013年02月04日10時08分48秒","2013年02月04日10時08分50秒","0","0","0"
"登録外","2013年02月04日10時08分50秒","2013年02月04日10時08分52秒","0","0","0"
"ファイル操作","2013年02月04日10時08分52秒","2013年02月04日10時08分54秒","0","0","0"
"登録外","2013年02月04日10時08分54秒","2013年02月04日10時08分56秒","0","0","0"
"メール","2013年02月04日10時08分56秒","2013年02月04日10時09分03秒","0","0","0"
"登録外","2013年02月04日10時09分03秒","2013年02月04日10時09分05秒","0","0","0"
"メール","2013年02月04日10時09分05秒","2013年02月04日10時09分06秒","0","0","0"
"登録外","2013年02月04日10時09分06秒","2013年02月04日10時09分08秒","0","0","1"
"登録外","2013年02月04日10時09分08秒","2013年02月04日10時09分32秒","0","0","27"
"登録外","2013年02月04日10時09分32秒","2013年02月04日10時09分34秒","0","0","0"
"登録外","2013年02月04日10時09分34秒","2013年02月04日10時09分37秒","0","0","0"
"メール","2013年02月04日10時09分37秒","2013年02月04日10時09分39秒","0","0","0"
"登録外","2013年02月04日10時09分39秒","2013年02月04日10時09分45秒","0","0","0"
"メール","2013年02月04日10時09分45秒","2013年02月04日10時09分51秒","0","0","0"
"登録外","2013年02月04日10時09分51秒","2013年02月04日10時10分02秒","0","0","0"
"登録外","2013年02月04日10時10分02秒","2013年02月04日10時10分05秒","0","0","0"
"登録外","2013年02月04日10時10分05秒","2013年02月04日10時10分07秒","0","0","0"
"登録外","2013年02月04日10時10分07秒","2013年02月04日10時10分23秒","0","0","2"
"登録外","2013年02月04日10時10分23秒","2013年02月04日10時10分37秒","0","0","0"
"登録外","2013年02月04日10時10分37秒","2013年02月04日10時10分46秒","0","0","0"
"エクセル","2013年02月04日10時10分46秒","2013年02月04日10時11分00秒","0","0","0"
"登録外","2013年02月04日10時11分00秒","2013年02月04日10時11分07秒","0","0","0"
"ブラウザ","2013年02月04日10時11分07秒","2013年02月04日10時11分47秒","0","0","0"
"ブラウザ","2013年02月04日10時11分47秒","2013年02月04日10時11分51秒","0","0","0"
"登録外","2013年02月04日10時11分51秒","2013年02月04日10時11分56秒","0","0","2"
"ファイル操作","2013年02月04日10時11分56秒","2013年02月04日10時12分01秒","0","0","0"
"ファイル操作","2013年02月04日10時12分01秒","2013年02月04日10時12分02秒","0","0","0"
"登録外","2013年02月04日10時12分02秒","2013年02月04日10時12分03秒","0","0","0"
"登録外","2013年02月04日10時12分03秒","2013年02月04日10時12分04秒","0","0","0"
"登録外","2013年02月04日10時12分04秒","2013年02月04日10時12分11秒","0","0","0"
"登録外","2013年02月04日10時12分11秒","2013年02月04日10時12分22秒","0","0","0"
"ファイル操作","2013年02月04日10時12分22秒","2013年02月04日10時12分28秒","0","0","0"
"ファイル操作","2013年02月04日10時12分28秒","2013年02月04日10時12分30秒","0","0","0"
"ファイル操作","2013年02月04日10時12分30秒","2013年02月04日10時12分31秒","0","0","0"
"ファイル操作","2013年02月04日10時12分31秒","2013年02月04日10時12分41秒","0","0","0"
"ファイル操作","2013年02月04日10時12分41秒","2013年02月04日10時12分46秒","0","0","0"
"ファイル操作","2013年02月04日10時12分46秒","2013年02月04日10時12分48秒","0","0","0"
"ファイル操作","2013年02月04日10時12分48秒","2013年02月04日10時12分51秒","0","0","0"
"ファイル操作","2013年02月04日10時12分51秒","2013年02月04日10時12分52秒","0","0","2"
"ファイル操作","2013年02月04日10時12分52秒","2013年02月04日10時12分58秒","0","0","8"
"ファイル操作","2013年02月04日10時12分58秒","2013年02月04日10時13分00秒","0","0","0"
"ファイル操作","2013年02月04日10時13分00秒","2013年02月04日10時13分02秒","0","0","0"
"ファイル操作","2013年02月04日10時13分02秒","2013年02月04日10時13分03秒","0","0","0"
"ファイル操作","2013年02月04日10時13分03秒","2013年02月04日10時13分06秒","0","0","0"
"登録外","2013年02月04日10時13分06秒","2013年02月04日10時13分07秒","0","0","0"
"ファイル操作","2013年02月04日10時13分07秒","2013年02月04日10時13分09秒","0","0","0"
"登録外","2013年02月04日10時13分09秒","2013年02月04日10時13分13秒","0","0","0"
"登録外","2013年02月04日10時13分13秒","2013年02月04日10時13分19秒","0","0","0"
"登録外","2013年02月04日10時13分19秒","2013年02月04日10時13分27秒","0","0","16"
"登録外","2013年02月04日10時13分27秒","2013年02月04日10時14分08秒","0","0","46"
"登録外","2013年02月04日10時14分08秒","2013年02月04日10時14分10秒","0","0","0"
"登録外","2013年02月04日10時14分10秒","2013年02月04日10時14分15秒","0","0","2"
"登録外","2013年02月04日10時14分15秒","2013年02月04日10時14分18秒","0","0","4"
"登録外","2013年02月04日10時14分18秒","2013年02月04日10時14分19秒","0","0","0"
"登録外","2013年02月04日10時14分19秒","2013年02月04日10時14分23秒","0","0","0"
"登録外","2013年02月04日10時14分23秒","2013年02月04日10時14分30秒","0","0","0"
"登録外","2013年02月04日10時14分30秒","2013年02月04日10時14分33秒","0","0","4"
"登録外","2013年02月04日10時14分33秒","2013年02月04日10時14分35秒","0","0","0"
"登録外","2013年02月04日10時14分35秒","2013年02月04日10時14分40秒","0","0","4"
"登録外","2013年02月04日10時14分40秒","2013年02月04日10時14分46秒","0","0","0"
"登録外","2013年02月04日10時14分46秒","2013年02月04日10時14分54秒","0","0","2"
"登録外","2013年02月04日10時14分54秒","2013年02月04日10時14分55秒","0","0","0"
"登録外","2013年02月04日10時14分55秒","2013年02月04日10時15分01秒","0","0","4"
"登録外","2013年02月04日10時15分01秒","2013年02月04日10時15分02秒","0","0","0"
"登録外","2013年02月04日10時15分02秒","2013年02月04日10時15分22秒","0","0","0"
"ブラウザ","2013年02月04日10時15分22秒","2013年02月04日10時15分25秒","0","0","0"
"ブラウザ","2013年02月04日10時15分25秒","2013年02月04日10時15分35秒","0","0","0"
"ブラウザ","2013年02月04日10時15分35秒","2013年02月04日10時16分22秒","0","0","0"
"登録外","2013年02月04日10時16分22秒","2013年02月04日10時16分35秒","0","0","0"
"ブラウザ","2013年02月04日10時16分35秒","2013年02月04日10時17分33秒","0","0","0"
"登録外","2013年02月04日10時17分33秒","2013年02月04日10時17分35秒","0","0","0"
"登録外","2013年02月04日10時17分35秒","2013年02月04日10時17分45秒","0","0","0"
"登録外","2013年02月04日10時17分45秒","2013年02月04日10時17分57秒","0","0","0"
"登録外","2013年02月04日10時17分57秒","2013年02月04日10時17分58秒","0","0","0"
"登録外","2013年02月04日10時19分26秒","2013年02月04日10時19分28秒","0","0","2"
"登録外","2013年02月04日10時19分28秒","2013年02月04日10時19分29秒","0","0","0"
"登録外","2013年02月04日10時19分29秒","2013年02月04日10時19分34秒","0","0","4"
"登録外","2013年02月04日10時19分34秒","2013年02月04日10時19分45秒","0","0","0"
"登録外","2013年02月04日10時19分45秒","2013年02月04日10時20分03秒","0","0","4"
"登録外","2013年02月04日10時20分03秒","2013年02月04日10時20分36秒","0","0","12"
"登録外","2013年02月04日10時20分36秒","2013年02月04日10時20分37秒","0","0","0"
"登録外","2013年02月04日10時20分37秒","2013年02月04日10時20分41秒","0","0","0"
"登録外","2013年02月04日10時20分41秒","2013年02月04日10時20分57秒","0","0","0"
"登録外","2013年02月04日10時20分57秒","2013年02月04日10時20分59秒","0","0","0"
"登録外","2013年02月04日10時20分59秒","2013年02月04日10時21分31秒","0","0","0"
"登録外","2013年02月04日10時21分31秒","2013年02月04日10時21分49秒","0","0","4"
"登録外","2013年02月04日10時21分49秒","2013年02月04日10時21分50秒","0","0","0"
"登録外","2013年02月04日10時21分50秒","2013年02月04日10時21分53秒","0","0","0"
"登録外","2013年02月04日10時21分53秒","2013年02月04日10時22分01秒","0","0","0"
"登録外","2013年02月04日10時22分01秒","2013年02月04日10時22分03秒","0","0","0"
"登録外","2013年02月04日10時22分03秒","2013年02月04日10時22分05秒","0","0","0"
"登録外","2013年02月04日10時22分05秒","2013年02月04日10時22分22秒","0","0","2"
"登録外","2013年02月04日10時22分22秒","2013年02月04日10時22分24秒","0","0","1"
"登録外","2013年02月04日10時22分24秒","2013年02月04日10時22分25秒","0","0","2"
"登録外","2013年02月04日10時22分25秒","2013年02月04日10時22分29秒","0","0","0"
"登録外","2013年02月04日10時22分29秒","2013年02月04日10時22分50秒","0","0","0"
"登録外","2013年02月04日10時22分51秒","2013年02月04日10時22分55秒","0","0","0"
"登録外","2013年02月04日10時22分55秒","2013年02月04日10時23分01秒","0","0","0"
"登録外","2013年02月04日10時23分01秒","2013年02月04日10時23分19秒","0","0","0"
"登録外","2013年02月04日10時23分19秒","2013年02月04日10時25分03秒","0","0","12"
"登録外","2013年02月04日10時25分03秒","2013年02月04日10時26分44秒","0","0","0"
"登録外","2013年02月04日10時27分51秒","2013年02月04日10時28分48秒","0","0","33"
"登録外","2013年02月04日10時28分48秒","2013年02月04日10時29分02秒","0","0","1"
"登録外","2013年02月04日10時29分02秒","2013年02月04日10時30分03秒","0","0","28"
"登録外","2013年02月04日10時30分03秒","2013年02月04日10時30分51秒","0","0","0"
"登録外","2013年02月04日10時30分51秒","2013年02月04日10時30分52秒","0","0","0"
"メール","2013年02月04日10時30分52秒","2013年02月04日10時30分54秒","0","0","0"
"メール","2013年02月04日10時30分54秒","2013年02月04日10時31分06秒","0","0","0"
"登録外","2013年02月04日10時31分06秒","2013年02月04日10時31分19秒","0","0","0"
"登録外","2013年02月04日10時31分20秒","2013年02月04日10時31分23秒","0","0","0"
"登録外","2013年02月04日10時31分24秒","2013年02月04日10時31分50秒","0","0","0"
"登録外","2013年02月04日10時31分50秒","2013年02月04日10時32分26秒","0","0","0"
"ファイル操作","2013年02月04日10時33分06秒","2013年02月04日10時33分14秒","0","0","3"
"登録外","2013年02月04日10時33分14秒","2013年02月04日10時33分16秒","0","0","0"
"登録外","2013年02月04日10時33分16秒","2013年02月04日10時33分17秒","0","0","0"
"登録外","2013年02月04日10時33分17秒","2013年02月04日10時33分40秒","0","0","0"
"ファイル操作","2013年02月04日10時33分40秒","2013年02月04日10時33分41秒","0","0","0"
"登録外","2013年02月04日10時33分41秒","2013年02月04日10時33分43秒","0","0","0"
"登録外","2013年02月04日10時33分43秒","2013年02月04日10時33分44秒","0","0","0"
"登録外","2013年02月04日10時33分44秒","2013年02月04日10時33分45秒","0","0","0"
"登録外","2013年02月04日10時33分45秒","2013年02月04日10時33分46秒","0","0","0"
"登録外","2013年02月04日10時33分46秒","2013年02月04日10時33分57秒","0","0","24"
"登録外","2013年02月04日10時33分57秒","2013年02月04日10時33分59秒","0","0","0"
"登録外","2013年02月04日10時33分59秒","2013年02月04日10時34分00秒","0","0","0"
"登録外","2013年02月04日10時34分00秒","2013年02月04日10時34分55秒","0","0","33"
"登録外","2013年02月04日10時34分55秒","2013年02月04日10時34分56秒","0","0","0"
"登録外","2013年02月04日10時34分56秒","2013年02月04日10時34分59秒","0","0","0"
"登録外","2013年02月04日10時34分59秒","2013年02月04日10時35分03秒","0","0","4"
"登録外","2013年02月04日10時35分03秒","2013年02月04日10時35分04秒","0","0","0"
"登録外","2013年02月04日10時35分04秒","2013年02月04日10時35分08秒","0","0","0"
"登録外","2013年02月04日10時35分08秒","2013年02月04日10時35分11秒","0","0","0"
"登録外","2013年02月04日10時35分11秒","2013年02月04日10時35分19秒","0","0","0"
"登録外","2013年02月04日10時35分19秒","2013年02月04日10時35分21秒","0","0","0"
"登録外","2013年02月04日10時35分21秒","2013年02月04日10時35分53秒","0","0","0"
"登録外","2013年02月04日10時35分53秒","2013年02月04日10時36分07秒","0","0","0"
"登録外","2013年02月04日10時36分07秒","2013年02月04日10時36分09秒","0","0","0"
"登録外","2013年02月04日10時36分09秒","2013年02月04日10時36分12秒","0","0","0"
"登録外","2013年02月04日10時36分12秒","2013年02月04日10時36分26秒","0","0","0"
"登録外","2013年02月04日10時36分26秒","2013年02月04日10時36分27秒","0","0","0"
"登録外","2013年02月04日10時36分27秒","2013年02月04日10時36分28秒","0","0","0"
"登録外","2013年02月04日10時36分28秒","2013年02月04日10時36分30秒","0","0","0"
"登録外","2013年02月04日10時36分30秒","2013年02月04日10時36分47秒","0","0","7"
"ファイル操作","2013年02月04日10時36分47秒","2013年02月04日10時36分48秒","0","0","0"
"ファイル操作","2013年02月04日10時36分48秒","2013年02月04日10時36分49秒","0","0","0"
"ファイル操作","2013年02月04日10時36分49秒","2013年02月04日10時36分53秒","0","0","0"
"ファイル操作","2013年02月04日10時36分53秒","2013年02月04日10時36分54秒","0","0","0"
"ファイル操作","2013年02月04日10時36分54秒","2013年02月04日10時36分57秒","0","0","0"
"ファイル操作","2013年02月04日10時36分57秒","2013年02月04日10時36分59秒","0","0","0"
"ファイル操作","2013年02月04日10時36分59秒","2013年02月04日10時37分02秒","0","0","0"
"ファイル操作","2013年02月04日10時37分02秒","2013年02月04日10時37分07秒","0","0","0"
"登録外","2013年02月04日10時37分07秒","2013年02月04日10時37分17秒","0","0","1"
"登録外","2013年02月04日10時37分17秒","2013年02月04日10時37分34秒","0","0","33"
"登録外","2013年02月04日10時37分34秒","2013年02月04日10時37分41秒","0","0","2"
"登録外","2013年02月04日10時37分41秒","2013年02月04日10時37分47秒","0","0","2"
"登録外","2013年02月04日10時37分47秒","2013年02月04日10時37分51秒","0","0","1"
"登録外","2013年02月04日10時37分51秒","2013年02月04日10時37分59秒","0","0","11"
"登録外","2013年02月04日10時37分59秒","2013年02月04日10時38分09秒","0","0","8"
"登録外","2013年02月04日10時38分09秒","2013年02月04日10時38分10秒","0","0","0"
"登録外","2013年02月04日10時38分10秒","2013年02月04日10時38分26秒","0","0","6"
"登録外","2013年02月04日10時38分26秒","2013年02月04日10時38分31秒","0","0","7"
"登録外","2013年02月04日10時38分31秒","2013年02月04日10時38分33秒","0","0","0"
"登録外","2013年02月04日10時38分33秒","2013年02月04日10時38分37秒","0","0","1"
"登録外","2013年02月04日10時38分37秒","2013年02月04日10時38分40秒","0","0","0"
"登録外","2013年02月04日10時38分40秒","2013年02月04日10時38分41秒","0","0","2"
"登録外","2013年02月04日10時38分41秒","2013年02月04日10時39分06秒","0","0","31"
"登録外","2013年02月04日10時39分06秒","2013年02月04日10時39分16秒","0","0","13"
"登録外","2013年02月04日10時39分16秒","2013年02月04日10時39分24秒","0","0","6"
"登録外","2013年02月04日10時39分24秒","2013年02月04日10時39分25秒","0","0","0"
"登録外","2013年02月04日10時39分25秒","2013年02月04日10時39分36秒","0","0","1"
"登録外","2013年02月04日10時39分36秒","2013年02月04日10時39分53秒","0","0","27"
"登録外","2013年02月04日10時39分53秒","2013年02月04日10時39分55秒","0","0","0"
"登録外","2013年02月04日10時39分55秒","2013年02月04日10時39分59秒","0","0","2"
"登録外","2013年02月04日10時39分59秒","2013年02月04日10時40分04秒","0","0","2"
"登録外","2013年02月04日10時40分04秒","2013年02月04日10時40分33秒","0","0","34"
"登録外","2013年02月04日10時40分33秒","2013年02月04日10時40分43秒","0","0","14"
"登録外","2013年02月04日10時40分43秒","2013年02月04日10時41分35秒","0","0","17"
"登録外","2013年02月04日10時41分35秒","2013年02月04日10時41分38秒","0","0","0"
"登録外","2013年02月04日10時41分38秒","2013年02月04日10時41分56秒","0","0","4"
"登録外","2013年02月04日10時41分56秒","2013年02月04日10時41分58秒","0","0","2"
"登録外","2013年02月04日10時41分58秒","2013年02月04日10時42分00秒","0","0","0"
"ファイル操作","2013年02月04日10時42分00秒","2013年02月04日10時42分03秒","0","0","0"
"ファイル操作","2013年02月04日10時42分03秒","2013年02月04日10時42分04秒","0","0","0"
"ファイル操作","2013年02月04日10時42分04秒","2013年02月04日10時42分06秒","0","0","0"
"登録外","2013年02月04日10時42分06秒","2013年02月04日10時42分08秒","0","0","0"
"登録外","2013年02月04日10時42分08秒","2013年02月04日10時42分09秒","0","0","0"
"登録外","2013年02月04日10時42分09秒","2013年02月04日10時42分20秒","0","0","2"
"登録外","2013年02月04日10時42分20秒","2013年02月04日10時42分21秒","0","0","0"
"登録外","2013年02月04日10時42分21秒","2013年02月04日10時43分00秒","0","0","0"
"ブラウザ","2013年02月04日10時43分01秒","2013年02月04日10時43分02秒","0","0","0"
"ブラウザ","2013年02月04日10時43分02秒","2013年02月04日10時44分16秒","0","0","0"
"ファイル操作","2013年02月04日10時44分16秒","2013年02月04日10時44分23秒","0","0","0"
"ブラウザ","2013年02月04日10時44分23秒","2013年02月04日10時44分57秒","0","0","0"
"ファイル操作","2013年02月04日10時44分57秒","2013年02月04日10時45分04秒","0","0","0"
"ファイル操作","2013年02月04日10時45分04秒","2013年02月04日10時45分08秒","0","0","0"
"エクセル","2013年02月04日10時45分08秒","2013年02月04日10時45分14秒","0","0","0"
"エクセル","2013年02月04日10時45分14秒","2013年02月04日10時45分46秒","0","0","53"
"ブラウザ","2013年02月04日10時45分46秒","2013年02月04日10時46分55秒","0","0","2"
"エクセル","2013年02月04日10時46分55秒","2013年02月04日10時48分22秒","0","0","145"
"登録外","2013年02月04日10時48分22秒","2013年02月04日10時48分25秒","0","0","0"
"登録外","2013年02月04日10時48分25秒","2013年02月04日10時48分30秒","0","0","0"
"登録外","2013年02月04日10時48分30秒","2013年02月04日10時48分41秒","0","0","0"
"登録外","2013年02月04日10時48分41秒","2013年02月04日10時49分08秒","0","0","0"
"エクセル","2013年02月04日10時49分08秒","2013年02月04日10時49分29秒","0","0","41"
"ブラウザ","2013年02月04日10時49分29秒","2013年02月04日10時49分42秒","0","0","0"
"エクセル","2013年02月04日10時49分42秒","2013年02月04日10時49分47秒","0","0","4"
"登録外","2013年02月04日10時49分48秒","2013年02月04日10時49分52秒","0","0","0"
"登録外","2013年02月04日10時49分52秒","2013年02月04日10時49分56秒","0","0","1"
"登録外","2013年02月04日10時49分56秒","2013年02月04日10時49分57秒","0","0","1"
"登録外","2013年02月04日10時49分57秒","2013年02月04日10時50分03秒","0","0","2"
"登録外","2013年02月04日10時50分03秒","2013年02月04日10時50分04秒","0","0","0"
"登録外","2013年02月04日10時50分04秒","2013年02月04日10時50分10秒","0","0","0"
"登録外","2013年02月04日10時50分10秒","2013年02月04日10時50分14秒","0","0","0"
"登録外","2013年02月04日10時50分14秒","2013年02月04日10時50分19秒","0","0","0"
"登録外","2013年02月04日10時50分19秒","2013年02月04日10時50分23秒","0","0","0"
"登録外","2013年02月04日10時50分23秒","2013年02月04日10時50分26秒","0","0","0"
"登録外","2013年02月04日10時50分26秒","2013年02月04日10時50分30秒","0","0","0"
"登録外","2013年02月04日10時50分30秒","2013年02月04日10時50分33秒","0","0","0"
"登録外","2013年02月04日10時50分33秒","2013年02月04日10時50分36秒","0","0","0"
"登録外","2013年02月04日10時50分36秒","2013年02月04日10時50分40秒","0","0","0"
"エクセル","2013年02月04日10時50分40秒","2013年02月04日10時50分42秒","0","0","0"
"ブラウザ","2013年02月04日10時50分42秒","2013年02月04日10時50分58秒","0","0","0"
"登録外","2013年02月04日10時50分58秒","2013年02月04日10時51分23秒","0","0","0"
"登録外","2013年02月04日10時51分23秒","2013年02月04日10時51分27秒","0","0","0"
"登録外","2013年02月04日10時51分27秒","2013年02月04日10時51分36秒","0","0","0"
"登録外","2013年02月04日10時51分36秒","2013年02月04日10時51分46秒","0","0","23"
"登録外","2013年02月04日10時51分46秒","2013年02月04日10時54分09秒","0","0","99"
"登録外","2013年02月04日10時54分09秒","2013年02月04日10時54分10秒","0","0","2"
"登録外","2013年02月04日10時54分10秒","2013年02月04日10時54分21秒","0","0","6"
"登録外","2013年02月04日10時54分21秒","2013年02月04日10時54分24秒","0","0","0"
"登録外","2013年02月04日10時54分24秒","2013年02月04日10時54分29秒","0","0","0"
"登録外","2013年02月04日10時54分29秒","2013年02月04日10時54分38秒","0","0","0"
"登録外","2013年02月04日10時54分38秒","2013年02月04日10時54分43秒","0","0","0"
"ファイル操作","2013年02月04日10時54分43秒","2013年02月04日10時54分48秒","0","0","0"
"エクセル","2013年02月04日10時54分48秒","2013年02月04日10時55分05秒","0","0","19"
"エクセル","2013年02月04日10時55分05秒","2013年02月04日10時55分27秒","0","0","71"
"登録外","2013年02月04日10時55分28秒","2013年02月04日10時55分47秒","0","0","4"
"登録外","2013年02月04日10時55分47秒","2013年02月04日10時56分03秒","0","0","0"
"登録外","2013年02月04日10時56分03秒","2013年02月04日10時56分13秒","0","0","1"
"登録外","2013年02月04日10時56分13秒","2013年02月04日10時56分19秒","0","0","0"
"登録外","2013年02月04日10時56分19秒","2013年02月04日10時56分21秒","0","0","0"
"登録外","2013年02月04日10時56分21秒","2013年02月04日10時56分23秒","0","0","0"
"登録外","2013年02月04日10時56分23秒","2013年02月04日10時56分38秒","0","0","0"
"登録外","2013年02月04日10時56分38秒","2013年02月04日10時56分44秒","0","0","0"
"登録外","2013年02月04日10時56分44秒","2013年02月04日10時56分52秒","0","0","0"
"登録外","2013年02月04日10時56分52秒","2013年02月04日10時58分47秒","0","0","0"
"エクセル","2013年02月04日10時58分47秒","2013年02月04日11時00分05秒","0","0","30"
"エクセル","2013年02月04日11時00分05秒","2013年02月04日11時00分43秒","0","0","10"
"登録外","2013年02月04日11時00分43秒","2013年02月04日11時00分45秒","0","0","0"
"エクセル","2013年02月04日11時00分45秒","2013年02月04日11時00分52秒","0","0","2"
"ブラウザ","2013年02月04日11時00分53秒","2013年02月04日11時01分01秒","0","0","1"
"ブラウザ","2013年02月04日11時01分01秒","2013年02月04日11時01分02秒","0","0","0"
"ブラウザ","2013年02月04日11時01分02秒","2013年02月04日11時01分15秒","0","0","0"
"ブラウザ","2013年02月04日11時01分15秒","2013年02月04日11時01分21秒","0","0","0"
"エクセル","2013年02月04日11時01分21秒","2013年02月04日11時01分22秒","0","0","0"
"エクセル","2013年02月04日11時01分22秒","2013年02月04日11時01分24秒","0","0","0"
"ブラウザ","2013年02月04日11時01分24秒","2013年02月04日11時01分30秒","0","0","0"
"登録外","2013年02月04日11時01分30秒","2013年02月04日11時02分36秒","0","0","34"
"登録外","2013年02月04日11時02分36秒","2013年02月04日11時02分39秒","0","0","0"
"登録外","2013年02月04日11時02分39秒","2013年02月04日11時03分31秒","0","0","1"
"ブラウザ","2013年02月04日11時03分32秒","2013年02月04日11時03分36秒","0","0","0"
"ブラウザ","2013年02月04日11時03分36秒","2013年02月04日11時05分05秒","0","0","141"
"ブラウザ","2013年02月04日11時05分05秒","2013年02月04日11時05分06秒","0","0","0"
"ブラウザ","2013年02月04日11時05分06秒","2013年02月04日11時05分08秒","0","0","1"
"ブラウザ","2013年02月04日11時05分08秒","2013年02月04日11時06分06秒","0","0","10"
"登録外","2013年02月04日11時06分06秒","2013年02月04日11時06分08秒","0","0","0"
"ブラウザ","2013年02月04日11時06分08秒","2013年02月04日11時06分10秒","0","0","0"
"ファイル操作","2013年02月04日11時06分10秒","2013年02月04日11時06分12秒","0","0","0"
"ファイル操作","2013年02月04日11時06分12秒","2013年02月04日11時06分15秒","0","0","0"
"ファイル操作","2013年02月04日11時06分15秒","2013年02月04日11時06分16秒","0","0","0"
"ファイル操作","2013年02月04日11時06分16秒","2013年02月04日11時06分18秒","0","0","0"
"ファイル操作","2013年02月04日11時06分18秒","2013年02月04日11時06分19秒","0","0","0"
"エクセル","2013年02月04日11時06分19秒","2013年02月04日11時06分20秒","0","0","0"
"エクセル","2013年02月04日11時06分20秒","2013年02月04日11時06分21秒","0","0","0"
"ブラウザ","2013年02月04日11時06分21秒","2013年02月04日11時06分28秒","0","0","0"
"ブラウザ","2013年02月04日11時06分28秒","2013年02月04日11時06分30秒","0","0","0"
"ブラウザ","2013年02月04日11時06分30秒","2013年02月04日11時06分31秒","0","0","0"
"ブラウザ","2013年02月04日11時06分31秒","2013年02月04日11時06分34秒","0","0","0"
"ブラウザ","2013年02月04日11時06分34秒","2013年02月04日11時06分35秒","0","0","0"
"ブラウザ","2013年02月04日11時06分35秒","2013年02月04日11時06分36秒","0","0","0"
"ブラウザ","2013年02月04日11時06分36秒","2013年02月04日11時06分38秒","0","0","0"
"エクセル","2013年02月04日11時06分38秒","2013年02月04日11時06分43秒","0","0","0"
"ブラウザ","2013年02月04日11時06分43秒","2013年02月04日11時06分45秒","0","0","0"
"エクセル","2013年02月04日11時06分45秒","2013年02月04日11時06分57秒","0","0","17"
"ブラウザ","2013年02月04日11時06分57秒","2013年02月04日11時07分01秒","0","0","2"
"エクセル","2013年02月04日11時07分01秒","2013年02月04日11時07分34秒","0","0","20"
"ブラウザ","2013年02月04日11時07分34秒","2013年02月04日11時07分36秒","0","0","0"
"エクセル","2013年02月04日11時07分36秒","2013年02月04日11時07分38秒","0","0","2"
"ブラウザ","2013年02月04日11時07分38秒","2013年02月04日11時07分43秒","0","0","0"
"ブラウザ","2013年02月04日11時07分49秒","2013年02月04日11時07分50秒","0","0","0"
"エクセル","2013年02月04日11時07分50秒","2013年02月04日11時07分53秒","0","0","0"
"エクセル","2013年02月04日11時07分53秒","2013年02月04日11時09分13秒","0","0","0"
"ブラウザ","2013年02月04日11時09分13秒","2013年02月04日11時09分29秒","0","0","2"
"エクセル","2013年02月04日11時09分29秒","2013年02月04日11時09分36秒","0","0","0"
"エクセル","2013年02月04日11時09分36秒","2013年02月04日11時09分38秒","0","0","0"
"エクセル","2013年02月04日11時09分38秒","2013年02月04日11時09分40秒","0","0","0"
"エクセル","2013年02月04日11時09分40秒","2013年02月04日11時10分05秒","0","0","1"
"エクセル","2013年02月04日11時10分05秒","2013年02月04日11時10分26秒","0","0","0"
"ブラウザ","2013年02月04日11時10分26秒","2013年02月04日11時10分27秒","0","0","0"
"登録外","2013年02月04日11時10分28秒","2013年02月04日11時10分56秒","0","0","2"
"ブラウザ","2013年02月04日11時10分56秒","2013年02月04日11時10分58秒","0","0","0"
"ブラウザ","2013年02月04日11時10分58秒","2013年02月04日11時11分01秒","0","0","0"
"ブラウザ","2013年02月04日11時11分01秒","2013年02月04日11時11分17秒","0","0","14"
"ブラウザ","2013年02月04日11時11分17秒","2013年02月04日11時11分22秒","0","0","0"
"ブラウザ","2013年02月04日11時11分22秒","2013年02月04日11時11分23秒","0","0","0"
"ブラウザ","2013年02月04日11時11分23秒","2013年02月04日11時11分32秒","0","0","0"
"登録外","2013年02月04日11時11分32秒","2013年02月04日11時11分34秒","0","0","2"
"ブラウザ","2013年02月04日11時11分34秒","2013年02月04日11時11分53秒","0","0","0"
"ブラウザ","2013年02月04日11時11分53秒","2013年02月04日11時12分20秒","0","0","0"
"ブラウザ","2013年02月04日11時12分20秒","2013年02月04日11時14分58秒","0","0","140"
"登録外","2013年02月04日11時14分58秒","2013年02月04日11時14分59秒","0","0","0"
"登録外","2013年02月04日11時14分59秒","2013年02月04日11時15分00秒","0","0","0"
"ブラウザ","2013年02月04日11時15分00秒","2013年02月04日11時15分02秒","0","0","0"
"エクセル","2013年02月04日11時15分02秒","2013年02月04日11時15分05秒","0","0","0"
"エクセル","2013年02月04日11時15分05秒","2013年02月04日11時15分06秒","0","0","0"
"ファイル操作","2013年02月04日11時15分06秒","2013年02月04日11時15分08秒","0","0","0"
"ファイル操作","2013年02月04日11時15分09秒","2013年02月04日11時15分53秒","0","0","0"
"ファイル操作","2013年02月04日11時15分53秒","2013年02月04日11時16分02秒","0","0","0"
"ファイル操作","2013年02月04日11時16分02秒","2013年02月04日11時16分10秒","0","0","0"
"ブラウザ","2013年02月04日11時16分10秒","2013年02月04日11時16分13秒","0","0","0"
"エクセル","2013年02月04日11時16分13秒","2013年02月04日11時16分14秒","0","0","0"
"ファイル操作","2013年02月04日11時16分14秒","2013年02月04日11時16分21秒","0","0","12"
"ファイル操作","2013年02月04日11時16分21秒","2013年02月04日11時16分23秒","0","0","0"
"ファイル操作","2013年02月04日11時16分23秒","2013年02月04日11時16分25秒","0","0","0"
"ファイル操作","2013年02月04日11時16分25秒","2013年02月04日11時16分26秒","0","0","0"
"ファイル操作","2013年02月04日11時16分26秒","2013年02月04日11時16分35秒","0","0","0"
"登録外","2013年02月04日11時16分36秒","2013年02月04日11時16分41秒","0","0","0"
"登録外","2013年02月04日11時16分41秒","2013年02月04日11時16分45秒","0","0","2"
"登録外","2013年02月04日11時16分45秒","2013年02月04日11時16分48秒","0","0","0"
"登録外","2013年02月04日11時16分48秒","2013年02月04日11時16分55秒","0","0","8"
"メール","2013年02月04日11時16分55秒","2013年02月04日11時17分04秒","0","0","0"
"エクセル","2013年02月04日11時17分04秒","2013年02月04日11時17分07秒","0","0","0"
"メール","2013年02月04日11時17分07秒","2013年02月04日11時17分08秒","0","0","0"
"メール","2013年02月04日11時17分08秒","2013年02月04日11時17分13秒","0","0","2"
"登録外","2013年02月04日11時17分13秒","2013年02月04日11時17分15秒","0","0","3"
"メール","2013年02月04日11時17分15秒","2013年02月04日11時17分18秒","0","0","0"
"メール","2013年02月04日11時17分18秒","2013年02月04日11時17分49秒","0","0","0"
"登録外","2013年02月04日11時17分49秒","2013年02月04日11時17分51秒","0","0","0"
"ファイル操作","2013年02月04日11時17分51秒","2013年02月04日11時17分53秒","0","0","0"
"登録外","2013年02月04日11時17分53秒","2013年02月04日11時17分54秒","0","0","0"
"登録外","2013年02月04日11時17分54秒","2013年02月04日11時17分55秒","0","0","0"
"登録外","2013年02月04日11時17分55秒","2013年02月04日11時17分56秒","0","0","0"
"ファイル操作","2013年02月04日11時17分56秒","2013年02月04日11時17分57秒","0","0","0"
"登録外","2013年02月04日11時17分57秒","2013年02月04日11時17分58秒","0","0","0"
"登録外","2013年02月04日11時17分58秒","2013年02月04日11時18分02秒","0","0","0"
"登録外","2013年02月04日11時18分02秒","2013年02月04日11時18分07秒","0","0","0"
"登録外","2013年02月04日11時18分07秒","2013年02月04日11時18分08秒","0","0","0"
"登録外","2013年02月04日11時18分08秒","2013年02月04日11時18分14秒","0","0","0"
"ファイル操作","2013年02月04日11時18分14秒","2013年02月04日11時18分15秒","0","0","0"
"ファイル操作","2013年02月04日11時18分15秒","2013年02月04日11時18分16秒","0","0","0"
"ファイル操作","2013年02月04日11時18分16秒","2013年02月04日11時18分17秒","0","0","0"
"ファイル操作","2013年02月04日11時18分17秒","2013年02月04日11時18分22秒","0","0","0"
"登録外","2013年02月04日11時18分22秒","2013年02月04日11時18分23秒","0","0","0"
"登録外","2013年02月04日11時18分23秒","2013年02月04日11時18分26秒","0","0","0"
"ファイル操作","2013年02月04日11時18分26秒","2013年02月04日11時18分28秒","0","0","0"
"登録外","2013年02月04日11時18分28秒","2013年02月04日11時18分30秒","0","0","0"
"ファイル操作","2013年02月04日11時18分30秒","2013年02月04日11時18分32秒","0","0","0"
"ファイル操作","2013年02月04日11時18分32秒","2013年02月04日11時18分34秒","0","0","0"
"ファイル操作","2013年02月04日11時18分34秒","2013年02月04日11時18分42秒","0","0","0"
"エクセル","2013年02月04日11時18分42秒","2013年02月04日11時18分59秒","0","0","0"
"登録外","2013年02月04日11時18分59秒","2013年02月04日11時19分04秒","0","0","0"
"エクセル","2013年02月04日11時19分04秒","2013年02月04日11時19分05秒","0","0","0"
"エクセル","2013年02月04日11時19分07秒","2013年02月04日11時19分08秒","0","0","0"
"登録外","2013年02月04日11時19分08秒","2013年02月04日11時19分09秒","0","0","0"
"登録外","2013年02月04日11時19分09秒","2013年02月04日11時19分19秒","0","0","0"
"登録外","2013年02月04日11時19分19秒","2013年02月04日11時19分20秒","0","0","0"
"登録外","2013年02月04日11時19分20秒","2013年02月04日11時19分30秒","0","0","0"
"登録外","2013年02月04日11時19分30秒","2013年02月04日11時19分35秒","0","0","0"
"登録外","2013年02月04日11時19分35秒","2013年02月04日11時19分38秒","0","0","0"
"エクセル","2013年02月04日11時19分38秒","2013年02月04日11時19分40秒","0","0","0"
"登録外","2013年02月04日11時19分40秒","2013年02月04日11時20分06秒","0","0","62"
"登録外","2013年02月04日11時20分06秒","2013年02月04日11時20分08秒","0","0","4"
"エクセル","2013年02月04日11時20分08秒","2013年02月04日11時20分11秒","0","0","0"
"登録外","2013年02月04日11時20分11秒","2013年02月04日11時20分22秒","0","0","0"
"登録外","2013年02月04日11時20分22秒","2013年02月04日11時20分27秒","0","0","4"
"登録外","2013年02月04日11時20分27秒","2013年02月04日11時20分30秒","0","0","0"
"登録外","2013年02月04日11時20分30秒","2013年02月04日11時20分42秒","0","0","2"
"エクセル","2013年02月04日11時20分42秒","2013年02月04日11時21分50秒","0","0","94"
"登録外","2013年02月04日11時21分50秒","2013年02月04日11時21分53秒","0","0","0"
"登録外","2013年02月04日11時21分53秒","2013年02月04日11時21分55秒","0","0","0"
"登録外","2013年02月04日11時21分55秒","2013年02月04日11時22分00秒","0","0","0"
"エクセル","2013年02月04日11時22分00秒","2013年02月04日11時22分09秒","0","0","0"
"登録外","2013年02月04日11時22分09秒","2013年02月04日11時22分21秒","0","0","0"
"エクセル","2013年02月04日11時22分21秒","2013年02月04日11時25分06秒","0","0","196"
"エクセル","2013年02月04日11時25分06秒","2013年02月04日11時26分15秒","0","0","97"
"ブラウザ","2013年02月04日11時26分15秒","2013年02月04日11時26分17秒","0","0","0"
"エクセル","2013年02月04日11時26分17秒","2013年02月04日11時26分30秒","0","0","4"
"ブラウザ","2013年02月04日11時26分30秒","2013年02月04日11時26分34秒","0","0","0"
"ブラウザ","2013年02月04日11時26分34秒","2013年02月04日11時26分38秒","0","0","0"
"ブラウザ","2013年02月04日11時26分38秒","2013年02月04日11時26分46秒","0","0","1"
"ブラウザ","2013年02月04日11時26分46秒","2013年02月04日11時26分47秒","0","0","0"
"ブラウザ","2013年02月04日11時26分47秒","2013年02月04日11時27分02秒","0","0","0"
"ブラウザ","2013年02月04日11時27分02秒","2013年02月04日11時27分10秒","0","0","0"
"メール","2013年02月04日11時27分10秒","2013年02月04日11時27分16秒","0","0","0"
"ブラウザ","2013年02月04日11時27分16秒","2013年02月04日11時27分24秒","0","0","0"
"ブラウザ","2013年02月04日11時27分24秒","2013年02月04日11時27分39秒","0","0","1"
"エクセル","2013年02月04日11時27分39秒","2013年02月04日11時27分49秒","0","0","0"
"ファイル操作","2013年02月04日11時27分49秒","2013年02月04日11時28分18秒","0","0","0"
"エクセル","2013年02月04日11時28分18秒","2013年02月04日11時28分49秒","0","0","14"
"エクセル","2013年02月04日11時28分49秒","2013年02月04日11時28分50秒","0","0","0"
"エクセル","2013年02月04日11時28分50秒","2013年02月04日11時28分52秒","0","0","0"
"ブラウザ","2013年02月04日11時28分52秒","2013年02月04日11時28分54秒","0","0","0"
"ブラウザ","2013年02月04日11時28分54秒","2013年02月04日11時28分55秒","0","0","0"
"ブラウザ","2013年02月04日11時28分55秒","2013年02月04日11時28分56秒","0","0","0"
"ブラウザ","2013年02月04日11時28分56秒","2013年02月04日11時28分59秒","0","0","0"
"ファイル操作","2013年02月04日11時28分59秒","2013年02月04日11時29分00秒","0","0","0"
"ブラウザ","2013年02月04日11時29分00秒","2013年02月04日11時29分01秒","0","0","0"
"エクセル","2013年02月04日11時29分01秒","2013年02月04日11時29分03秒","0","0","2"
"ファイル操作","2013年02月04日11時29分03秒","2013年02月04日11時29分06秒","0","0","0"
"エクセル","2013年02月04日11時29分06秒","2013年02月04日11時29分07秒","0","0","0"
"エクセル","2013年02月04日11時29分07秒","2013年02月04日11時29分43秒","0","0","9"
"登録外","2013年02月04日11時29分44秒","2013年02月04日11時29分46秒","0","0","0"
"登録外","2013年02月04日11時29分46秒","2013年02月04日11時29分48秒","0","0","0"
"登録外","2013年02月04日11時29分48秒","2013年02月04日11時29分51秒","0","0","0"
"登録外","2013年02月04日11時29分51秒","2013年02月04日11時29分58秒","0","0","0"
"登録外","2013年02月04日11時29分58秒","2013年02月04日11時30分00秒","0","0","0"
"登録外","2013年02月04日11時30分00秒","2013年02月04日11時30分06秒","0","0","0"
"登録外","2013年02月04日11時30分06秒","2013年02月04日11時30分32秒","0","0","0"
"登録外","2013年02月04日11時30分32秒","2013年02月04日11時30分33秒","0","0","0"
"登録外","2013年02月04日11時30分33秒","2013年02月04日11時30分42秒","0","0","0"
"登録外","2013年02月04日11時30分42秒","2013年02月04日11時30分44秒","0","0","0"
"登録外","2013年02月04日11時30分44秒","2013年02月04日11時30分48秒","0","0","0"
"エクセル","2013年02月04日11時30分48秒","2013年02月04日11時31分45秒","0","0","0"
"ブラウザ","2013年02月04日11時31分45秒","2013年02月04日11時31分49秒","0","0","0"
"エクセル","2013年02月04日11時31分49秒","2013年02月04日11時32分17秒","0","0","0"
"エクセル","2013年02月04日11時33分02秒","2013年02月04日11時33分10秒","0","0","5"
"ブラウザ","2013年02月04日11時33分10秒","2013年02月04日11時34分15秒","0","0","113"
"エクセル","2013年02月04日11時34分15秒","2013年02月04日11時34分37秒","0","0","0"
"ブラウザ","2013年02月04日11時34分37秒","2013年02月04日11時34分43秒","0","0","1"
"エクセル","2013年02月04日11時34分43秒","2013年02月04日11時34分44秒","0","0","0"
"エクセル","2013年02月04日11時34分44秒","2013年02月04日11時34分47秒","0","0","0"
"エクセル","2013年02月04日11時34分47秒","2013年02月04日11時34分50秒","0","0","0"
"ブラウザ","2013年02月04日11時34分50秒","2013年02月04日11時34分51秒","0","0","0"
"ブラウザ","2013年02月04日11時34分51秒","2013年02月04日11時34分53秒","0","0","1"
"エクセル","2013年02月04日11時34分53秒","2013年02月04日11時34分54秒","0","0","0"
"ブラウザ","2013年02月04日11時34分54秒","2013年02月04日11時35分00秒","0","0","0"
"登録外","2013年02月04日11時35分00秒","2013年02月04日11時35分05秒","0","0","0"
"登録外","2013年02月04日11時35分05秒","2013年02月04日11時35分06秒","0","0","0"
"登録外","2013年02月04日11時35分06秒","2013年02月04日11時35分07秒","0","0","0"
"登録外","2013年02月04日11時35分07秒","2013年02月04日11時35分09秒","0","0","0"
"登録外","2013年02月04日11時35分09秒","2013年02月04日11時35分11秒","0","0","0"
"ファイル操作","2013年02月04日11時35分11秒","2013年02月04日11時35分19秒","0","0","1"
"ファイル操作","2013年02月04日11時35分19秒","2013年02月04日11時35分21秒","0","0","0"
"登録外","2013年02月04日11時35分21秒","2013年02月04日11時35分23秒","0","0","0"
"ファイル操作","2013年02月04日11時35分23秒","2013年02月04日11時35分25秒","0","0","0"
"登録外","2013年02月04日11時35分25秒","2013年02月04日11時35分33秒","0","0","0"
"登録外","2013年02月04日11時35分33秒","2013年02月04日11時35分35秒","0","0","0"
"登録外","2013年02月04日11時35分35秒","2013年02月04日11時35分38秒","0","0","0"
"登録外","2013年02月04日11時35分38秒","2013年02月04日11時35分42秒","0","0","0"
"登録外","2013年02月04日11時35分42秒","2013年02月04日11時35分45秒","0","0","0"
"ファイル操作","2013年02月04日11時35分46秒","2013年02月04日11時35分47秒","0","0","0"
"登録外","2013年02月04日11時35分47秒","2013年02月04日11時35分50秒","0","0","2"
"登録外","2013年02月04日11時35分50秒","2013年02月04日11時35分51秒","0","0","0"
"登録外","2013年02月04日11時35分51秒","2013年02月04日11時35分52秒","0","0","0"
"登録外","2013年02月04日11時35分52秒","2013年02月04日11時35分58秒","0","0","4"
"登録外","2013年02月04日11時35分58秒","2013年02月04日11時36分01秒","0","0","0"
"登録外","2013年02月04日11時36分01秒","2013年02月04日11時36分08秒","0","0","7"
"登録外","2013年02月04日11時36分08秒","2013年02月04日11時36分10秒","0","0","0"
"登録外","2013年02月04日11時36分10秒","2013年02月04日11時36分14秒","0","0","0"
"登録外","2013年02月04日11時36分14秒","2013年02月04日11時36分17秒","0","0","0"
"ファイル操作","2013年02月04日11時36分17秒","2013年02月04日11時36分19秒","0","0","0"
"登録外","2013年02月04日11時36分19秒","2013年02月04日11時36分43秒","0","0","0"
"エクセル","2013年02月04日11時36分44秒","2013年02月04日11時36分56秒","0","0","2"
"登録外","2013年02月04日11時36分56秒","2013年02月04日11時37分05秒","0","0","4"
"エクセル","2013年02月04日11時37分05秒","2013年02月04日11時37分28秒","0","0","5"
"登録外","2013年02月04日11時37分28秒","2013年02月04日11時37分38秒","0","0","4"
"エクセル","2013年02月04日11時37分38秒","2013年02月04日11時39分01秒","0","0","5"
"ファイル操作","2013年02月04日11時39分01秒","2013年02月04日11時39分04秒","0","0","3"
"登録外","2013年02月04日11時39分04秒","2013年02月04日11時39分09秒","0","0","0"
"エクセル","2013年02月04日11時39分09秒","2013年02月04日11時39分17秒","0","0","0"
"エクセル","2013年02月04日11時39分17秒","2013年02月04日11時39分30秒","0","0","1"
"登録外","2013年02月04日11時39分31秒","2013年02月04日11時39分45秒","0","0","0"
"エクセル","2013年02月04日11時39分45秒","2013年02月04日11時39分50秒","0","0","4"
"登録外","2013年02月04日11時39分50秒","2013年02月04日11時39分55秒","0","0","0"
"エクセル","2013年02月04日11時39分55秒","2013年02月04日11時39分57秒","0","0","3"
"登録外","2013年02月04日11時39分57秒","2013年02月04日11時40分04秒","0","0","0"
"エクセル","2013年02月04日11時40分04秒","2013年02月04日11時40分06秒","0","0","0"
"エクセル","2013年02月04日11時40分06秒","2013年02月04日11時40分13秒","0","0","4"
"登録外","2013年02月04日11時40分13秒","2013年02月04日11時40分17秒","0","0","0"
"エクセル","2013年02月04日11時40分17秒","2013年02月04日11時40分25秒","0","0","4"
"登録外","2013年02月04日11時40分25秒","2013年02月04日11時40分29秒","0","0","0"
"エクセル","2013年02月04日11時40分29秒","2013年02月04日11時40分35秒","0","0","3"
"登録外","2013年02月04日11時40分35秒","2013年02月04日11時40分40秒","0","0","0"
"エクセル","2013年02月04日11時40分40秒","2013年02月04日11時40分45秒","0","0","0"
"ファイル操作","2013年02月04日11時40分45秒","2013年02月04日11時40分46秒","0","0","0"
"エクセル","2013年02月04日11時40分46秒","2013年02月04日11時40分51秒","0","0","1"
"ファイル操作","2013年02月04日11時40分51秒","2013年02月04日11時40分53秒","0","0","0"
"エクセル","2013年02月04日11時40分53秒","2013年02月04日11時40分55秒","0","0","0"
"ファイル操作","2013年02月04日11時40分55秒","2013年02月04日11時40分56秒","0","0","0"
"エクセル","2013年02月04日11時40分56秒","2013年02月04日11時40分57秒","0","0","0"
"ファイル操作","2013年02月04日11時40分57秒","2013年02月04日11時40分58秒","0","0","0"
"エクセル","2013年02月04日11時40分58秒","2013年02月04日11時41分01秒","0","0","4"
"登録外","2013年02月04日11時41分01秒","2013年02月04日11時41分06秒","0","0","0"
"登録外","2013年02月04日11時41分06秒","2013年02月04日11時41分07秒","0","0","0"
"エクセル","2013年02月04日11時41分07秒","2013年02月04日11時41分11秒","0","0","0"
"登録外","2013年02月04日11時41分11秒","2013年02月04日11時41分18秒","0","0","0"
"エクセル","2013年02月04日11時41分18秒","2013年02月04日11時41分22秒","0","0","2"
"登録外","2013年02月04日11時41分22秒","2013年02月04日11時41分37秒","0","0","0"
"エクセル","2013年02月04日11時41分37秒","2013年02月04日11時41分38秒","0","0","0"
"登録外","2013年02月04日11時41分38秒","2013年02月04日11時41分39秒","0","0","0"
"ファイル操作","2013年02月04日11時41分39秒","2013年02月04日11時41分44秒","0","0","0"
"登録外","2013年02月04日11時41分44秒","2013年02月04日11時42分10秒","0","0","0"
"ファイル操作","2013年02月04日11時42分10秒","2013年02月04日11時42分15秒","0","0","1"
"ファイル操作","2013年02月04日11時42分15秒","2013年02月04日11時42分16秒","0","0","0"
"ファイル操作","2013年02月04日11時42分16秒","2013年02月04日11時42分27秒","0","0","0"
"ファイル操作","2013年02月04日11時42分27秒","2013年02月04日11時42分30秒","0","0","0"
"ファイル操作","2013年02月04日11時42分30秒","2013年02月04日11時42分34秒","0","0","0"
"登録外","2013年02月04日11時42分34秒","2013年02月04日11時42分42秒","0","0","0"
"ファイル操作","2013年02月04日11時42分42秒","2013年02月04日11時42分43秒","0","0","0"
"ファイル操作","2013年02月04日11時42分43秒","2013年02月04日11時43分17秒","0","0","2"
"ファイル操作","2013年02月04日11時43分17秒","2013年02月04日11時44分16秒","0","0","25"
"ファイル操作","2013年02月04日11時44分16秒","2013年02月04日11時44分23秒","0","0","5"
"ファイル操作","2013年02月04日11時44分23秒","2013年02月04日11時44分24秒","0","0","0"
"ファイル操作","2013年02月04日11時44分24秒","2013年02月04日11時44分25秒","0","0","0"
"ファイル操作","2013年02月04日11時44分25秒","2013年02月04日11時44分29秒","0","0","0"
"ファイル操作","2013年02月04日11時44分29秒","2013年02月04日11時44分32秒","0","0","0"
"ファイル操作","2013年02月04日11時44分32秒","2013年02月04日11時44分50秒","0","0","0"
"ファイル操作","2013年02月04日11時44分50秒","2013年02月04日11時44分51秒","0","0","0"
"ファイル操作","2013年02月04日11時44分51秒","2013年02月04日11時44分52秒","0","0","0"
"ファイル操作","2013年02月04日11時44分52秒","2013年02月04日11時44分53秒","0","0","0"
"ファイル操作","2013年02月04日11時44分53秒","2013年02月04日11時44分54秒","0","0","0"
"ファイル操作","2013年02月04日11時44分54秒","2013年02月04日11時44分59秒","0","0","0"
"登録外","2013年02月04日11時44分59秒","2013年02月04日11時45分07秒","0","0","0"
"登録外","2013年02月04日11時45分07秒","2013年02月04日11時45分24秒","0","0","0"
"登録外","2013年02月04日11時45分24秒","2013年02月04日11時45分25秒","0","0","0"
"登録外","2013年02月04日11時45分25秒","2013年02月04日11時45分38秒","0","0","0"
"登録外","2013年02月04日11時45分38秒","2013年02月04日11時45分48秒","0","0","4"
"登録外","2013年02月04日11時45分48秒","2013年02月04日11時48分04秒","0","0","39"
"登録外","2013年02月04日11時48分04秒","2013年02月04日11時48分11秒","0","0","1"
"登録外","2013年02月04日11時48分11秒","2013年02月04日11時48分18秒","0","0","2"
"登録外","2013年02月04日11時48分18秒","2013年02月04日11時48分19秒","0","0","2"
"登録外","2013年02月04日11時48分19秒","2013年02月04日11時48分20秒","0","0","1"
"登録外","2013年02月04日11時48分20秒","2013年02月04日11時48分22秒","0","0","0"
"登録外","2013年02月04日11時48分22秒","2013年02月04日11時48分23秒","0","0","0"
"登録外","2013年02月04日11時48分23秒","2013年02月04日11時48分38秒","0","0","0"
"登録外","2013年02月04日11時48分38秒","2013年02月04日11時49分06秒","0","0","0"
"ブラウザ","2013年02月04日11時49分06秒","2013年02月04日11時49分09秒","0","0","0"
"ブラウザ","2013年02月04日11時49分09秒","2013年02月04日11時49分28秒","0","0","1"
"ブラウザ","2013年02月04日11時49分28秒","2013年02月04日11時49分30秒","0","0","0"
"ブラウザ","2013年02月04日11時49分30秒","2013年02月04日11時50分07秒","0","0","2"
"ブラウザ","2013年02月04日11時50分07秒","2013年02月04日11時50分38秒","0","0","0"
"エクセル","2013年02月04日11時50分38秒","2013年02月04日11時52分31秒","0","0","0"
"登録外","2013年02月04日11時54分40秒","2013年02月04日11時54分41秒","0","0","2"
"登録外","2013年02月04日11時54分41秒","2013年02月04日11時54分59秒","0","0","39"
"登録外","2013年02月04日11時54分59秒","2013年02月04日11時55分07秒","0","0","9"
"登録外","2013年02月04日11時55分07秒","2013年02月04日11時55分20秒","0","0","14"
"登録外","2013年02月04日11時55分20秒","2013年02月04日11時55分29秒","0","0","0"
"エクセル","2013年02月04日11時55分29秒","2013年02月04日11時55分53秒","0","0","0"
"登録外","2013年02月04日11時55分53秒","2013年02月04日11時57分42秒","0","0","101"
"登録外","2013年02月04日11時57分42秒","2013年02月04日11時57分43秒","0","0","0"
"エクセル","2013年02月04日11時57分43秒","2013年02月04日11時58分38秒","0","0","0"
"登録外","2013年02月04日11時58分38秒","2013年02月04日11時58分45秒","0","0","1"
"登録外","2013年02月04日11時58分45秒","2013年02月04日11時58分51秒","0","0","1"
"エクセル","2013年02月04日11時58分51秒","2013年02月04日11時59分00秒","0","0","0"
"ブラウザ","2013年02月04日11時59分00秒","2013年02月04日11時59分02秒","0","0","0"
"ブラウザ","2013年02月04日11時59分02秒","2013年02月04日11時59分09秒","0","0","8"
"ブラウザ","2013年02月04日11時59分09秒","2013年02月04日11時59分48秒","0","0","2"
"ブラウザ","2013年02月04日11時59分48秒","2013年02月04日11時59分49秒","0","0","0"
"ブラウザ","2013年02月04日11時59分49秒","2013年02月04日11時59分55秒","0","0","0"
"エクセル","2013年02月04日11時59分55秒","2013年02月04日11時59分58秒","0","0","0"
"ブラウザ","2013年02月04日11時59分58秒","2013年02月04日11時59分59秒","0","0","0"
"登録外","2013年02月04日11時59分59秒","2013年02月04日12時00分01秒","0","0","2"
"登録外","2013年02月04日12時00分01秒","2013年02月04日12時00分03秒","0","0","0"
"登録外","2013年02月04日12時00分03秒","2013年02月04日12時00分06秒","0","0","3"
"登録外","2013年02月04日12時00分06秒","2013年02月04日12時00分07秒","0","0","0"
"登録外","2013年02月04日12時00分07秒","2013年02月04日12時00分08秒","0","0","0"
"登録外","2013年02月04日12時00分08秒","2013年02月04日12時00分10秒","0","0","0"
"ブラウザ","2013年02月04日12時00分10秒","2013年02月04日12時00分11秒","0","0","0"
"登録外","2013年02月04日12時00分11秒","2013年02月04日12時00分13秒","0","0","0"
"ブラウザ","2013年02月04日12時00分13秒","2013年02月04日12時00分17秒","0","0","0"
"ファイル操作","2013年02月04日12時00分17秒","2013年02月04日12時00分20秒","0","0","0"
"エクセル","2013年02月04日12時00分20秒","2013年02月04日12時00分27秒","0","0","0"
"ブラウザ","2013年02月04日12時00分27秒","2013年02月04日12時00分31秒","0","0","0"
"ブラウザ","2013年02月04日12時00分31秒","2013年02月04日12時00分37秒","0","0","0"
"登録外","2013年02月04日12時00分37秒","2013年02月04日12時00分38秒","0","0","0"
"ブラウザ","2013年02月04日12時00分38秒","2013年02月04日12時00分41秒","0","0","0"
"ブラウザ","2013年02月04日12時00分41秒","2013年02月04日12時00分43秒","0","0","0"
"ブラウザ","2013年02月04日12時00分43秒","2013年02月04日12時00分45秒","0","0","0"
"ブラウザ","2013年02月04日12時00分45秒","2013年02月04日12時00分47秒","0","0","0"
"ブラウザ","2013年02月04日12時00分47秒","2013年02月04日12時00分48秒","0","0","0"
"ブラウザ","2013年02月04日12時00分48秒","2013年02月04日12時00分52秒","0","0","2"
"ファイル操作","2013年02月04日12時00分52秒","2013年02月04日12時01分01秒","0","0","0"
"登録外","2013年02月04日12時01分01秒","2013年02月04日12時01分02秒","0","0","0"
"ファイル操作","2013年02月04日12時01分02秒","2013年02月04日12時01分04秒","0","0","0"
"ファイル操作","2013年02月04日12時01分04秒","2013年02月04日12時01分09秒","0","0","0"
"ファイル操作","2013年02月04日12時01分09秒","2013年02月04日12時01分15秒","0","0","0"
"ファイル操作","2013年02月04日12時01分15秒","2013年02月04日12時01分16秒","0","0","0"
"ファイル操作","2013年02月04日12時01分16秒","2013年02月04日12時01分19秒","0","0","0"
"ファイル操作","2013年02月04日12時01分19秒","2013年02月04日12時01分25秒","0","0","0"
"ファイル操作","2013年02月04日12時01分25秒","2013年02月04日12時01分28秒","0","0","0"
"ファイル操作","2013年02月04日12時01分28秒","2013年02月04日12時01分34秒","0","0","0"
"ファイル操作","2013年02月04日12時01分34秒","2013年02月04日12時01分36秒","0","0","4"
"ファイル操作","2013年02月04日12時01分36秒","2013年02月04日12時01分38秒","0","0","0"
"ファイル操作","2013年02月04日12時01分38秒","2013年02月04日12時01分50秒","0","0","0"
"ファイル操作","2013年02月04日12時01分50秒","2013年02月04日12時01分52秒","0","0","2"
"ファイル操作","2013年02月04日12時01分52秒","2013年02月04日12時01分54秒","0","0","2"
"ファイル操作","2013年02月04日12時01分54秒","2013年02月04日12時01分58秒","0","0","0"
"ファイル操作","2013年02月04日12時01分58秒","2013年02月04日12時02分00秒","0","0","0"
"ファイル操作","2013年02月04日12時02分00秒","2013年02月04日12時02分03秒","0","0","0"
"ファイル操作","2013年02月04日12時02分03秒","2013年02月04日12時02分05秒","0","0","0"
"ファイル操作","2013年02月04日12時02分05秒","2013年02月04日12時02分07秒","0","0","0"
"ファイル操作","2013年02月04日12時02分07秒","2013年02月04日12時02分08秒","0","0","0"
"ファイル操作","2013年02月04日12時02分08秒","2013年02月04日12時02分12秒","0","0","0"
"ファイル操作","2013年02月04日12時02分12秒","2013年02月04日12時02分13秒","0","0","0"
"ファイル操作","2013年02月04日12時02分13秒","2013年02月04日12時02分14秒","0","0","0"
"ファイル操作","2013年02月04日12時02分14秒","2013年02月04日12時02分17秒","0","0","0"
"ファイル操作","2013年02月04日12時02分17秒","2013年02月04日12時02分19秒","0","0","0"
"ファイル操作","2013年02月04日12時02分19秒","2013年02月04日12時02分20秒","0","0","0"
"ファイル操作","2013年02月04日12時02分20秒","2013年02月04日12時02分39秒","0","0","0"
"登録外","2013年02月04日12時02分39秒","2013年02月04日12時02分40秒","0","0","0"
"登録外","2013年02月04日12時02分40秒","2013年02月04日12時02分56秒","0","0","10"
"ファイル操作","2013年02月04日12時02分56秒","2013年02月04日12時03分05秒","0","0","0"
"メール","2013年02月04日12時03分05秒","2013年02月04日12時03分23秒","0","0","0"
"ブラウザ","2013年02月04日12時03分24秒","2013年02月04日12時03分25秒","0","0","0"
"ブラウザ","2013年02月04日12時03分25秒","2013年02月04日12時03分37秒","0","0","2"
"ブラウザ","2013年02月04日12時03分37秒","2013年02月04日12時03分38秒","0","0","0"
"ブラウザ","2013年02月04日12時03分38秒","2013年02月04日12時03分39秒","0","0","0"
"ブラウザ","2013年02月04日12時03分39秒","2013年02月04日12時03分40秒","0","0","0"
"ブラウザ","2013年02月04日12時03分40秒","2013年02月04日12時03分43秒","0","0","2"
"登録外","2013年02月04日12時03分43秒","2013年02月04日12時03分44秒","0","0","0"
"登録外","2013年02月04日12時03分44秒","2013年02月04日12時03分46秒","0","0","0"
"登録外","2013年02月04日12時03分46秒","2013年02月04日12時03分47秒","0","0","0"
"登録外","2013年02月04日12時03分47秒","2013年02月04日12時03分49秒","0","0","0"
"登録外","2013年02月04日12時03分49秒","2013年02月04日12時03分50秒","0","0","0"
"登録外","2013年02月04日12時03分50秒","2013年02月04日12時03分51秒","0","0","0"
"登録外","2013年02月04日12時03分51秒","2013年02月04日12時03分52秒","0","0","0"
"登録外","2013年02月04日12時03分52秒","2013年02月04日12時03分53秒","0","0","0"
"登録外","2013年02月04日12時03分53秒","2013年02月04日12時03分56秒","0","0","0"
"ファイル操作","2013年02月04日12時03分56秒","2013年02月04日12時03分58秒","0","0","0"
"ファイル操作","2013年02月04日12時03分58秒","2013年02月04日12時04分02秒","0","0","0"
"ファイル操作","2013年02月04日12時04分02秒","2013年02月04日12時04分06秒","0","0","0"
"登録外","2013年02月04日12時04分06秒","2013年02月04日12時04分07秒","0","0","1"
"ファイル操作","2013年02月04日12時04分07秒","2013年02月04日12時04分09秒","0","0","0"
"登録外","2013年02月04日12時04分09秒","2013年02月04日12時04分10秒","0","0","0"
"ファイル操作","2013年02月04日12時04分10秒","2013年02月04日12時04分11秒","0","0","0"
"ファイル操作","2013年02月04日12時04分12秒","2013年02月04日12時04分22秒","0","0","0"
"エクセル","2013年02月04日12時04分22秒","2013年02月04日12時04分24秒","0","0","0"
"エクセル","2013年02月04日12時04分24秒","2013年02月04日12時04分28秒","0","0","0"
"登録外","2013年02月04日12時04分28秒","2013年02月04日12時04分29秒","0","0","0"
"エクセル","2013年02月04日12時04分30秒","2013年02月04日12時04分33秒","0","0","0"
"ファイル操作","2013年02月04日12時04分33秒","2013年02月04日12時04分36秒","0","0","0"
"ファイル操作","2013年02月04日12時04分36秒","2013年02月04日12時04分46秒","0","0","0"
"エクセル","2013年02月04日12時04分46秒","2013年02月04日12時05分08秒","0","0","0"
"エクセル","2013年02月04日12時05分08秒","2013年02月04日12時05分10秒","0","0","0"
"ブラウザ","2013年02月04日12時05分10秒","2013年02月04日12時05分14秒","0","0","0"
"エクセル","2013年02月04日12時05分14秒","2013年02月04日12時05分17秒","0","0","0"
"エクセル","2013年02月04日12時05分17秒","2013年02月04日12時05分21秒","0","0","0"
"登録外","2013年02月04日12時05分21秒","2013年02月04日12時05分27秒","0","0","0"
"登録外","2013年02月04日12時05分27秒","2013年02月04日12時05分35秒","0","0","0"
"登録外","2013年02月04日12時05分35秒","2013年02月04日12時06分02秒","0","0","0"
"エクセル","2013年02月04日12時06分02秒","2013年02月04日12時06分25秒","0","0","0"
"ブラウザ","2013年02月04日12時06分25秒","2013年02月04日12時06分28秒","0","0","0"
"ブラウザ","2013年02月04日12時06分28秒","2013年02月04日12時07分08秒","0","0","0"
"ファイル操作","2013年02月04日12時11分39秒","2013年02月04日12時11分41秒","0","0","1"
"ファイル操作","2013年02月04日12時11分41秒","2013年02月04日12時11分42秒","0","0","0"
"ファイル操作","2013年02月04日12時11分42秒","2013年02月04日12時11分46秒","0","0","1"
"ファイル操作","2013年02月04日12時11分46秒","2013年02月04日12時11分47秒","0","0","0"
"ファイル操作","2013年02月04日12時11分47秒","2013年02月04日12時11分52秒","0","0","1"
"ファイル操作","2013年02月04日12時11分52秒","2013年02月04日12時11分54秒","0","0","0"
"ファイル操作","2013年02月04日12時11分54秒","2013年02月04日12時11分58秒","0","0","1"
"ファイル操作","2013年02月04日12時11分58秒","2013年02月04日12時12分00秒","0","0","0"
"ファイル操作","2013年02月04日12時12分00秒","2013年02月04日12時12分05秒","0","0","1"
"ファイル操作","2013年02月04日12時12分05秒","2013年02月04日12時12分06秒","0","0","0"
"ファイル操作","2013年02月04日12時12分06秒","2013年02月04日12時12分10秒","0","0","1"
"ファイル操作","2013年02月04日12時12分10秒","2013年02月04日12時12分11秒","0","0","0"
"ファイル操作","2013年02月04日12時12分11秒","2013年02月04日12時12分13秒","0","0","0"
"登録外","2013年02月04日12時12分13秒","2013年02月04日12時12分14秒","0","0","0"
"ファイル操作","2013年02月04日12時12分14秒","2013年02月04日12時12分22秒","0","0","3"
"ファイル操作","2013年02月04日12時12分22秒","2013年02月04日12時12分26秒","0","0","0"
"ファイル操作","2013年02月04日12時12分26秒","2013年02月04日12時12分27秒","0","0","0"
"ファイル操作","2013年02月04日12時12分28秒","2013年02月04日12時12分29秒","0","0","0"
"登録外","2013年02月04日12時12分29秒","2013年02月04日12時12分30秒","0","0","0"
"登録外","2013年02月04日12時12分30秒","2013年02月04日12時12分31秒","0","0","0"
"登録外","2013年02月04日12時12分31秒","2013年02月04日12時12分32秒","0","0","0"
"登録外","2013年02月04日12時12分32秒","2013年02月04日12時12分33秒","0","0","0"
"登録外","2013年02月04日12時12分33秒","2013年02月04日12時12分34秒","0","0","0"
"登録外","2013年02月04日12時12分34秒","2013年02月04日12時12分35秒","0","0","0"
"登録外","2013年02月04日12時12分35秒","2013年02月04日12時12分36秒","0","0","0"
"登録外","2013年02月04日12時12分36秒","2013年02月04日12時12分37秒","0","0","0"
"登録外","2013年02月04日12時12分37秒","2013年02月04日12時12分39秒","0","0","0"
"ファイル操作","2013年02月04日12時12分39秒","2013年02月04日12時12分42秒","0","0","0"
"ファイル操作","2013年02月04日12時12分42秒","2013年02月04日12時12分43秒","0","0","0"
"ファイル操作","2013年02月04日12時12分43秒","2013年02月04日12時12分45秒","0","0","0"
"登録外","2013年02月04日12時12分45秒","2013年02月04日12時12分47秒","0","0","1"
"登録外","2013年02月04日12時12分48秒","2013年02月04日12時12分49秒","0","0","0"
"登録外","2013年02月04日12時12分49秒","2013年02月04日12時13分25秒","0","0","0"
"ファイル操作","2013年02月04日12時13分25秒","2013年02月04日12時13分26秒","0","0","0"
"ファイル操作","2013年02月04日12時13分26秒","2013年02月04日12時13分29秒","0","0","0"
"ファイル操作","2013年02月04日12時13分29秒","2013年02月04日12時13分51秒","0","0","0"
"登録外","2013年02月04日12時13分51秒","2013年02月04日12時13分52秒","0","0","0"
"登録外","2013年02月04日12時13分52秒","2013年02月04日12時13分53秒","0","0","0"
"ファイル操作","2013年02月04日12時13分53秒","2013年02月04日12時14分01秒","0","0","2"
"登録外","2013年02月04日12時14分01秒","2013年02月04日12時14分41秒","0","0","1"
"エクセル","2013年02月04日12時14分41秒","2013年02月04日12時15分08秒","0","0","2"
"登録外","2013年02月04日12時15分08秒","2013年02月04日12時15分09秒","0","0","0"
"登録外","2013年02月04日12時15分09秒","2013年02月04日12時15分10秒","0","0","0"
"エクセル","2013年02月04日12時15分10秒","2013年02月04日12時15分27秒","0","0","0"
"登録外","2013年02月04日12時15分27秒","2013年02月04日12時15分46秒","0","0","0"
"ブラウザ","2013年02月04日12時15分46秒","2013年02月04日12時16分01秒","0","0","0"
"エクセル","2013年02月04日12時16分04秒","2013年02月04日12時16分23秒","0","0","0"
"登録外","2013年02月04日12時16分23秒","2013年02月04日12時16分47秒","0","0","0"
"エクセル","2013年02月04日12時16分47秒","2013年02月04日12時16分57秒","0","0","0"
"ブラウザ","2013年02月04日12時16分57秒","2013年02月04日12時17分13秒","0","0","0"
"エクセル","2013年02月04日12時17分13秒","2013年02月04日12時18分36秒","0","0","8"
"登録外","2013年02月04日12時18分36秒","2013年02月04日12時19分42秒","0","0","0"
"エクセル","2013年02月04日12時19分42秒","2013年02月04日12時20分00秒","0","0","0"
"登録外","2013年02月04日12時20分00秒","2013年02月04日12時20分09秒","0","0","0"
"登録外","2013年02月04日12時20分09秒","2013年02月04日12時20分11秒","0","0","0"
"エクセル","2013年02月04日12時20分11秒","2013年02月04日12時20分31秒","0","0","0"
"エクセル","2013年02月04日12時21分22秒","2013年02月04日12時21分50秒","0","0","27"
"ファイル操作","2013年02月04日12時21分50秒","2013年02月04日12時21分55秒","0","0","0"
"ファイル操作","2013年02月04日12時21分55秒","2013年02月04日12時21分57秒","0","0","0"
"ファイル操作","2013年02月04日12時21分57秒","2013年02月04日12時21分58秒","0","0","0"
"ファイル操作","2013年02月04日12時21分58秒","2013年02月04日12時22分03秒","0","0","0"
"登録外","2013年02月04日12時22分03秒","2013年02月04日12時22分18秒","0","0","0"
"エクセル","2013年02月04日12時22分18秒","2013年02月04日12時22分23秒","0","0","0"
"登録外","2013年02月04日12時22分23秒","2013年02月04日12時22分29秒","0","0","0"
"ファイル操作","2013年02月04日12時22分29秒","2013年02月04日12時22分33秒","0","0","0"
"登録外","2013年02月04日12時22分33秒","2013年02月04日12時22分34秒","0","0","0"
"登録外","2013年02月04日12時22分34秒","2013年02月04日12時22分40秒","0","0","0"
"エクセル","2013年02月04日12時22分40秒","2013年02月04日12時22分43秒","0","0","0"
"登録外","2013年02月04日12時22分43秒","2013年02月04日12時22分47秒","0","0","0"
"エクセル","2013年02月04日12時22分47秒","2013年02月04日12時22分49秒","0","0","0"
"登録外","2013年02月04日12時22分49秒","2013年02月04日12時22分51秒","0","0","0"
"エクセル","2013年02月04日12時22分51秒","2013年02月04日12時22分55秒","0","0","0"
"登録外","2013年02月04日12時22分55秒","2013年02月04日12時23分00秒","0","0","0"
"登録外","2013年02月04日12時23分00秒","2013年02月04日12時23分07秒","0","0","4"
"登録外","2013年02月04日12時23分07秒","2013年02月04日12時23分09秒","0","0","0"
"登録外","2013年02月04日12時23分09秒","2013年02月04日12時23分18秒","0","0","1"
"登録外","2013年02月04日12時23分18秒","2013年02月04日12時23分19秒","0","0","0"
"登録外","2013年02月04日12時23分19秒","2013年02月04日12時23分40秒","0","0","30"
"登録外","2013年02月04日12時23分40秒","2013年02月04日12時23分41秒","0","0","0"
"エクセル","2013年02月04日12時23分41秒","2013年02月04日12時23分44秒","0","0","0"
"登録外","2013年02月04日12時23分44秒","2013年02月04日12時23分46秒","0","0","0"
"登録外","2013年02月04日12時23分46秒","2013年02月04日12時23分49秒","0","0","0"
"エクセル","2013年02月04日12時23分49秒","2013年02月04日12時23分57秒","0","0","2"
"ブラウザ","2013年02月04日12時23分58秒","2013年02月04日12時24分08秒","0","0","0"
"ブラウザ","2013年02月04日12時24分08秒","2013年02月04日12時24分20秒","0","0","0"
"ブラウザ","2013年02月04日12時24分20秒","2013年02月04日12時24分40秒","0","0","2"
"ブラウザ","2013年02月04日12時24分40秒","2013年02月04日12時24分46秒","0","0","0"
"登録外","2013年02月04日12時24分46秒","2013年02月04日12時24分50秒","0","0","0"
"登録外","2013年02月04日12時24分50秒","2013年02月04日12時24分51秒","0","0","0"
"ブラウザ","2013年02月04日12時24分51秒","2013年02月04日12時24分58秒","0","0","0"
"ブラウザ","2013年02月04日12時24分58秒","2013年02月04日12時25分09秒","0","0","1"
"ブラウザ","2013年02月04日12時25分09秒","2013年02月04日12時25分59秒","0","0","89"
"メール","2013年02月04日12時25分59秒","2013年02月04日12時26分18秒","0","0","0"
"ブラウザ","2013年02月04日12時26分18秒","2013年02月04日12時26分29秒","0","0","3"
"エクセル","2013年02月04日12時26分29秒","2013年02月04日12時26分31秒","0","0","0"
"エクセル","2013年02月04日12時26分31秒","2013年02月04日12時26分33秒","0","0","0"
"ブラウザ","2013年02月04日12時26分33秒","2013年02月04日12時27分27秒","0","0","112"
"メール","2013年02月04日12時27分27秒","2013年02月04日12時27分38秒","0","0","0"
"メール","2013年02月04日12時27分38秒","2013年02月04日12時27分39秒","0","0","0"
"メール","2013年02月04日12時27分39秒","2013年02月04日12時27分40秒","0","0","0"
"メール","2013年02月04日12時27分40秒","2013年02月04日12時27分43秒","0","0","0"
"メール","2013年02月04日12時27分43秒","2013年02月04日12時27分45秒","0","0","0"
"メール","2013年02月04日12時27分45秒","2013年02月04日12時28分05秒","0","0","11"
"メール","2013年02月04日12時28分05秒","2013年02月04日12時28分06秒","0","0","0"
"メール","2013年02月04日12時28分06秒","2013年02月04日12時28分21秒","0","0","0"
"メール","2013年02月04日12時28分21秒","2013年02月04日12時28分22秒","0","0","0"
"メール","2013年02月04日12時28分22秒","2013年02月04日12時28分23秒","0","0","0"
"メール","2013年02月04日12時28分23秒","2013年02月04日12時28分25秒","0","0","0"
"メール","2013年02月04日12時28分25秒","2013年02月04日12時28分33秒","0","0","1"
"ブラウザ","2013年02月04日12時28分33秒","2013年02月04日12時28分40秒","0","0","2"
"ブラウザ","2013年02月04日12時28分40秒","2013年02月04日12時28分42秒","0","0","0"
"ブラウザ","2013年02月04日12時28分42秒","2013年02月04日12時28分49秒","0","0","0"
"ブラウザ","2013年02月04日12時28分49秒","2013年02月04日12時29分00秒","0","0","1"
"登録外","2013年02月04日12時29分00秒","2013年02月04日12時29分04秒","0","0","0"
"ファイル操作","2013年02月04日12時29分04秒","2013年02月04日12時29分05秒","0","0","0"
"登録外","2013年02月04日12時29分05秒","2013年02月04日12時29分07秒","0","0","0"
"ファイル操作","2013年02月04日12時29分07秒","2013年02月04日12時29分11秒","0","0","0"
"登録外","2013年02月04日12時29分11秒","2013年02月04日12時29分16秒","0","0","0"
"登録外","2013年02月04日12時29分16秒","2013年02月04日12時29分20秒","0","0","0"
"登録外","2013年02月04日12時29分20秒","2013年02月04日12時29分24秒","0","0","0"
"登録外","2013年02月04日12時29分24秒","2013年02月04日12時29分32秒","0","0","1"
"登録外","2013年02月04日12時29分32秒","2013年02月04日12時29分36秒","0","0","1"
"登録外","2013年02月04日12時29分36秒","2013年02月04日12時29分37秒","0","0","2"
"登録外","2013年02月04日12時29分37秒","2013年02月04日12時29分38秒","0","0","0"
"登録外","2013年02月04日12時29分38秒","2013年02月04日12時29分41秒","0","0","0"
"ファイル操作","2013年02月04日12時29分41秒","2013年02月04日12時29分42秒","0","0","0"
"エクセル","2013年02月04日12時29分42秒","2013年02月04日12時29分44秒","0","0","1"
"エクセル","2013年02月04日12時29分44秒","2013年02月04日12時29分46秒","0","0","0"
"エクセル","2013年02月04日12時29分46秒","2013年02月04日12時30分09秒","0","0","0"
"エクセル","2013年02月04日12時30分09秒","2013年02月04日12時30分54秒","0","0","0"
"登録外","2013年02月04日12時30分54秒","2013年02月04日12時31分18秒","0","0","0"
"登録外","2013年02月04日12時31分19秒","2013年02月04日12時31分43秒","0","0","0"
"登録外","2013年02月04日12時31分44秒","2013年02月04日12時32分01秒","0","0","0"
"登録外","2013年02月04日12時32分01秒","2013年02月04日12時32分11秒","0","0","0"
"登録外","2013年02月04日12時32分11秒","2013年02月04日12時32分26秒","0","0","0"
"登録外","2013年02月04日12時32分26秒","2013年02月04日12時32分35秒","0","0","0"
"メール","2013年02月04日12時32分35秒","2013年02月04日12時32分37秒","0","0","0"
"登録外","2013年02月04日12時32分38秒","2013年02月04日12時32分41秒","0","0","1"
"登録外","2013年02月04日12時32分41秒","2013年02月04日12時33分05秒","0","0","0"
"登録外","2013年02月04日12時33分05秒","2013年02月04日12時33分07秒","0","0","1"
"登録外","2013年02月04日12時33分07秒","2013年02月04日12時33分47秒","0","0","0"
"登録外","2013年02月04日12時33分47秒","2013年02月04日12時33分48秒","0","0","0"
"登録外","2013年02月04日12時33分48秒","2013年02月04日12時33分51秒","0","0","0"
"エクセル","2013年02月04日12時33分51秒","2013年02月04日12時33分53秒","0","0","0"
"登録外","2013年02月04日12時33分53秒","2013年02月04日12時34分00秒","0","0","0"
"登録外","2013年02月04日12時34分00秒","2013年02月04日12時34分07秒","0","0","0"
"登録外","2013年02月04日12時34分07秒","2013年02月04日12時34分13秒","0","0","0"
"登録外","2013年02月04日12時34分13秒","2013年02月04日12時35分10秒","0","0","38"
"登録外","2013年02月04日12時35分10秒","2013年02月04日12時35分31秒","0","0","2"
"登録外","2013年02月04日12時35分31秒","2013年02月04日12時35分34秒","0","0","0"
"登録外","2013年02月04日12時35分34秒","2013年02月04日12時35分39秒","0","0","2"
"登録外","2013年02月04日12時35分39秒","2013年02月04日12時35分45秒","0","0","0"
"登録外","2013年02月04日12時35分45秒","2013年02月04日12時35分53秒","0","0","0"
"登録外","2013年02月04日12時35分53秒","2013年02月04日12時35分56秒","0","0","0"
"登録外","2013年02月04日12時35分56秒","2013年02月04日12時35分57秒","0","0","0"
"登録外","2013年02月04日12時35分57秒","2013年02月04日12時36分07秒","0","0","0"
"登録外","2013年02月04日12時36分07秒","2013年02月04日12時37分55秒","0","0","0"
"登録外","2013年02月04日12時37分55秒","2013年02月04日12時37分56秒","0","0","0"
"登録外","2013年02月04日12時37分56秒","2013年02月04日12時37分59秒","0","0","0"
"登録外","2013年02月04日12時37分59秒","2013年02月04日12時38分10秒","0","0","2"
"登録外","2013年02月04日12時38分10秒","2013年02月04日12時40分10秒","0","0","32"
"登録外","2013年02月04日12時40分10秒","2013年02月04日12時41分26秒","0","0","2"
"登録外","2013年02月04日12時41分26秒","2013年02月04日12時41分27秒","0","0","0"
"登録外","2013年02月04日12時41分27秒","2013年02月04日12時41分30秒","0","0","2"
"登録外","2013年02月04日12時41分30秒","2013年02月04日12時41分42秒","0","0","0"
"登録外","2013年02月04日12時41分42秒","2013年02月04日12時41分43秒","0","0","0"
"登録外","2013年02月04日12時41分43秒","2013年02月04日12時42分01秒","0","0","0"
"登録外","2013年02月04日12時42分01秒","2013年02月04日12時42分51秒","0","0","9"
"登録外","2013年02月04日12時42分51秒","2013年02月04日12時42分54秒","0","0","0"
"登録外","2013年02月04日12時42分54秒","2013年02月04日12時43分36秒","0","0","3"
"ブラウザ","2013年02月04日13時37分01秒","2013年02月04日13時37分11秒","0","0","1"
"メール","2013年02月04日13時37分12秒","2013年02月04日13時37分13秒","0","0","0"
"メール","2013年02月04日13時37分13秒","2013年02月04日13時37分23秒","0","0","0"
"ブラウザ","2013年02月04日13時37分23秒","2013年02月04日13時38分21秒","0","0","126"
"ファイル操作","2013年02月04日13時38分21秒","2013年02月04日13時38分23秒","0","0","0"
"ブラウザ","2013年02月04日13時38分23秒","2013年02月04日13時38分32秒","0","0","0"
"ブラウザ","2013年02月04日13時38分32秒","2013年02月04日13時38分34秒","0","0","0"
"ブラウザ","2013年02月04日13時38分34秒","2013年02月04日13時38分36秒","0","0","0"
"ブラウザ","2013年02月04日13時38分36秒","2013年02月04日13時38分37秒","0","0","0"
"ブラウザ","2013年02月04日13時38分37秒","2013年02月04日13時38分38秒","0","0","0"
"ファイル操作","2013年02月04日13時38分38秒","2013年02月04日13時38分39秒","0","0","0"
"ファイル操作","2013年02月04日13時38分39秒","2013年02月04日13時38分40秒","0","0","0"
"ファイル操作","2013年02月04日13時38分40秒","2013年02月04日13時38分43秒","0","0","0"
"ファイル操作","2013年02月04日13時38分43秒","2013年02月04日13時38分45秒","0","0","0"
"エクセル","2013年02月04日13時38分45秒","2013年02月04日13時38分47秒","0","0","0"
"エクセル","2013年02月04日13時38分47秒","2013年02月04日13時38分50秒","0","0","0"
"登録外","2013年02月04日13時38分50秒","2013年02月04日13時38分53秒","0","0","0"
"登録外","2013年02月04日13時38分53秒","2013年02月04日13時38分56秒","0","0","2"
"登録外","2013年02月04日13時38分56秒","2013年02月04日13時38分58秒","0","0","0"
"ファイル操作","2013年02月04日13時38分58秒","2013年02月04日13時39分02秒","0","0","0"
"ファイル操作","2013年02月04日13時39分02秒","2013年02月04日13時39分05秒","0","0","0"
"登録外","2013年02月04日13時39分05秒","2013年02月04日13時39分06秒","0","0","0"
"ファイル操作","2013年02月04日13時39分06秒","2013年02月04日13時39分11秒","0","0","0"
"ファイル操作","2013年02月04日13時39分11秒","2013年02月04日13時39分18秒","0","0","0"
"登録外","2013年02月04日13時39分18秒","2013年02月04日13時39分24秒","0","0","2"
"エクセル","2013年02月04日13時39分24秒","2013年02月04日13時39分37秒","0","0","6"
"エクセル","2013年02月04日13時39分37秒","2013年02月04日13時39分38秒","0","0","0"
"エクセル","2013年02月04日13時39分38秒","2013年02月04日13時40分00秒","0","0","23"
"エクセル","2013年02月04日13時40分00秒","2013年02月04日13時40分11秒","0","0","4"
"登録外","2013年02月04日13時40分11秒","2013年02月04日13時40分14秒","0","0","0"
"ファイル操作","2013年02月04日13時40分14秒","2013年02月04日13時40分23秒","0","0","0"
"登録外","2013年02月04日13時40分23秒","2013年02月04日13時40分24秒","0","0","0"
"登録外","2013年02月04日13時40分24秒","2013年02月04日13時40分26秒","0","0","0"
"登録外","2013年02月04日13時40分26秒","2013年02月04日13時40分55秒","0","0","0"
"登録外","2013年02月04日13時40分58秒","2013年02月04日13時41分08秒","0","0","0"
"ファイル操作","2013年02月04日13時41分08秒","2013年02月04日13時41分10秒","0","0","2"
"登録外","2013年02月04日13時41分10秒","2013年02月04日13時41分42秒","0","0","39"
"ファイル操作","2013年02月04日13時41分42秒","2013年02月04日13時41分44秒","0","0","0"
"ファイル操作","2013年02月04日13時41分44秒","2013年02月04日13時41分46秒","0","0","0"
"ファイル操作","2013年02月04日13時41分46秒","2013年02月04日13時41分49秒","0","0","0"
"登録外","2013年02月04日13時41分49秒","2013年02月04日13時41分51秒","0","0","0"
"登録外","2013年02月04日13時41分51秒","2013年02月04日13時41分52秒","0","0","0"
"ファイル操作","2013年02月04日13時41分52秒","2013年02月04日13時41分54秒","0","0","0"
"登録外","2013年02月04日13時41分54秒","2013年02月04日13時41分55秒","0","0","0"
"登録外","2013年02月04日13時41分55秒","2013年02月04日13時41分56秒","0","0","0"
"登録外","2013年02月04日13時41分56秒","2013年02月04日13時42分02秒","0","0","0"
"登録外","2013年02月04日13時42分02秒","2013年02月04日13時42分04秒","0","0","0"
"登録外","2013年02月04日13時42分04秒","2013年02月04日13時42分10秒","0","0","4"
"登録外","2013年02月04日13時42分10秒","2013年02月04日13時42分12秒","0","0","0"
"登録外","2013年02月04日13時42分12秒","2013年02月04日13時42分15秒","0","0","0"
"登録外","2013年02月04日13時42分15秒","2013年02月04日13時42分19秒","0","0","4"
"ブラウザ","2013年02月04日13時42分19秒","2013年02月04日13時42分26秒","0","0","1"
"登録外","2013年02月04日13時42分26秒","2013年02月04日13時42分27秒","0","0","0"
"ブラウザ","2013年02月04日13時42分27秒","2013年02月04日13時42分37秒","0","0","2"
"ブラウザ","2013年02月04日13時42分37秒","2013年02月04日13時42分39秒","0","0","0"
"ブラウザ","2013年02月04日13時42分39秒","2013年02月04日13時42分54秒","0","0","0"
"ブラウザ","2013年02月04日13時42分54秒","2013年02月04日13時42分57秒","0","0","0"
"ブラウザ","2013年02月04日13時42分57秒","2013年02月04日13時42分59秒","0","0","0"
"ブラウザ","2013年02月04日13時42分59秒","2013年02月04日13時43分05秒","0","0","3"
"ブラウザ","2013年02月04日13時43分05秒","2013年02月04日13時43分11秒","0","0","0"
"ブラウザ","2013年02月04日13時43分11秒","2013年02月04日13時43分24秒","0","0","11"
"登録外","2013年02月04日13時43分24秒","2013年02月04日13時43分27秒","0","0","0"
"ブラウザ","2013年02月04日13時43分27秒","2013年02月04日13時43分29秒","0","0","0"
"ファイル操作","2013年02月04日13時43分29秒","2013年02月04日13時43分32秒","0","0","0"
"ブラウザ","2013年02月04日13時43分32秒","2013年02月04日13時43分36秒","0","0","0"
"ブラウザ","2013年02月04日13時43分36秒","2013年02月04日13時43分46秒","0","0","1"
"ファイル操作","2013年02月04日13時43分46秒","2013年02月04日13時43分47秒","0","0","0"
"エクセル","2013年02月04日13時43分47秒","2013年02月04日13時44分32秒","0","0","14"
"エクセル","2013年02月04日13時44分32秒","2013年02月04日13時44分33秒","0","0","0"
"ブラウザ","2013年02月04日13時44分33秒","2013年02月04日13時44分49秒","0","0","26"
"ファイル操作","2013年02月04日13時44分54秒","2013年02月04日13時44分56秒","0","0","0"
"エクセル","2013年02月04日13時44分56秒","2013年02月04日13時44分58秒","0","0","0"
"エクセル","2013年02月04日13時44分58秒","2013年02月04日13時45分00秒","0","0","0"
"エクセル","2013年02月04日13時45分00秒","2013年02月04日13時45分01秒","0","0","0"
"エクセル","2013年02月04日13時45分01秒","2013年02月04日13時45分09秒","0","0","0"
"ブラウザ","2013年02月04日13時45分09秒","2013年02月04日13時45分37秒","0","0","61"
"ブラウザ","2013年02月04日13時45分37秒","2013年02月04日13時45分50秒","0","0","2"
"ブラウザ","2013年02月04日13時45分50秒","2013年02月04日13時45分52秒","0","0","0"
"ブラウザ","2013年02月04日13時45分52秒","2013年02月04日13時45分53秒","0","0","0"
"ブラウザ","2013年02月04日13時45分53秒","2013年02月04日13時45分57秒","0","0","2"
"ファイル操作","2013年02月04日13時45分57秒","2013年02月04日13時45分59秒","0","0","0"
"エクセル","2013年02月04日13時45分59秒","2013年02月04日13時46分11秒","0","0","0"
"ファイル操作","2013年02月04日13時46分11秒","2013年02月04日13時46分16秒","0","0","0"
"エクセル","2013年02月04日13時46分16秒","2013年02月04日13時46分21秒","0","0","0"
"ブラウザ","2013年02月04日13時46分22秒","2013年02月04日13時46分23秒","0","0","0"
"エクセル","2013年02月04日13時46分23秒","2013年02月04日13時46分26秒","0","0","0"
"ファイル操作","2013年02月04日13時46分26秒","2013年02月04日13時46分27秒","0","0","0"
"ファイル操作","2013年02月04日13時46分27秒","2013年02月04日13時46分28秒","0","0","0"
"エクセル","2013年02月04日13時46分28秒","2013年02月04日13時46分29秒","0","0","0"
"エクセル","2013年02月04日13時46分29秒","2013年02月04日13時47分15秒","0","0","11"
"登録外","2013年02月04日13時47分15秒","2013年02月04日13時47分16秒","0","0","0"
"エクセル","2013年02月04日13時47分17秒","2013年02月04日13時47分29秒","0","0","0"
"エクセル","2013年02月04日13時47分29秒","2013年02月04日13時47分31秒","0","0","0"
"エクセル","2013年02月04日13時47分31秒","2013年02月04日13時47分36秒","0","0","0"
"登録外","2013年02月04日13時47分37秒","2013年02月04日13時47分41秒","0","0","1"
"登録外","2013年02月04日13時47分41秒","2013年02月04日13時47分45秒","0","0","8"
"登録外","2013年02月04日13時47分45秒","2013年02月04日13時48分39秒","0","0","5"
"エクセル","2013年02月04日13時48分39秒","2013年02月04日13時48分41秒","0","0","0"
"ファイル操作","2013年02月04日13時48分41秒","2013年02月04日13時48分48秒","0","0","0"
"エクセル","2013年02月04日13時48分48秒","2013年02月04日13時49分27秒","0","0","0"
"エクセル","2013年02月04日13時49分27秒","2013年02月04日13時49分30秒","0","0","0"
"登録外","2013年02月04日13時49分30秒","2013年02月04日13時49分47秒","0","0","0"
"登録外","2013年02月04日13時49分47秒","2013年02月04日13時49分50秒","0","0","0"
"登録外","2013年02月04日13時49分50秒","2013年02月04日13時49分51秒","0","0","0"
"登録外","2013年02月04日13時49分51秒","2013年02月04日13時49分52秒","0","0","0"
"登録外","2013年02月04日13時49分52秒","2013年02月04日13時49分55秒","0","0","0"
"登録外","2013年02月04日13時49分55秒","2013年02月04日13時49分56秒","0","0","0"
"登録外","2013年02月04日13時49分56秒","2013年02月04日13時49分58秒","0","0","0"
"登録外","2013年02月04日13時49分58秒","2013年02月04日13時50分01秒","0","0","0"
"登録外","2013年02月04日13時50分01秒","2013年02月04日13時50分03秒","0","0","0"
"登録外","2013年02月04日13時50分03秒","2013年02月04日13時50分06秒","0","0","0"
"登録外","2013年02月04日13時50分06秒","2013年02月04日13時50分23秒","0","0","0"
"登録外","2013年02月04日13時50分23秒","2013年02月04日13時50分25秒","0","0","0"
"登録外","2013年02月04日13時50分25秒","2013年02月04日13時50分26秒","0","0","0"
"登録外","2013年02月04日13時50分26秒","2013年02月04日13時50分30秒","0","0","1"
"登録外","2013年02月04日13時50分30秒","2013年02月04日13時50分32秒","0","0","0"
"登録外","2013年02月04日13時50分32秒","2013年02月04日13時50分49秒","0","0","0"
"登録外","2013年02月04日13時50分49秒","2013年02月04日13時50分50秒","0","0","0"
"登録外","2013年02月04日13時50分50秒","2013年02月04日13時51分10秒","0","0","0"
"登録外","2013年02月04日13時51分10秒","2013年02月04日13時51分11秒","0","0","0"
"登録外","2013年02月04日13時51分11秒","2013年02月04日13時51分15秒","0","0","0"
"登録外","2013年02月04日13時51分15秒","2013年02月04日13時51分16秒","0","0","0"
"登録外","2013年02月04日13時51分16秒","2013年02月04日13時51分17秒","0","0","0"
"登録外","2013年02月04日13時51分18秒","2013年02月04日13時51分23秒","0","0","0"
"登録外","2013年02月04日13時51分23秒","2013年02月04日13時51分26秒","0","0","8"
"登録外","2013年02月04日13時51分26秒","2013年02月04日13時51分30秒","0","0","0"
"登録外","2013年02月04日13時51分30秒","2013年02月04日13時51分36秒","0","0","0"
"登録外","2013年02月04日13時51分36秒","2013年02月04日13時51分37秒","0","0","0"
"登録外","2013年02月04日13時51分37秒","2013年02月04日13時51分43秒","0","0","4"
"登録外","2013年02月04日13時51分43秒","2013年02月04日13時51分45秒","0","0","3"
"登録外","2013年02月04日13時51分45秒","2013年02月04日13時51分46秒","0","0","1"
"登録外","2013年02月04日13時51分46秒","2013年02月04日13時51分48秒","0","0","0"
"登録外","2013年02月04日13時51分48秒","2013年02月04日13時51分56秒","0","0","0"
"登録外","2013年02月04日13時51分56秒","2013年02月04日13時52分02秒","0","0","0"
"登録外","2013年02月04日13時52分03秒","2013年02月04日13時52分23秒","0","0","0"
"登録外","2013年02月04日13時52分23秒","2013年02月04日13時52分26秒","0","0","0"
"登録外","2013年02月04日13時52分26秒","2013年02月04日13時53分14秒","0","0","2"
"登録外","2013年02月04日13時53分14秒","2013年02月04日13時53分15秒","0","0","2"
"登録外","2013年02月04日13時53分15秒","2013年02月04日13時53分26秒","0","0","0"
"登録外","2013年02月04日13時53分26秒","2013年02月04日13時53分27秒","0","0","0"
"登録外","2013年02月04日13時53分27秒","2013年02月04日13時53分31秒","0","0","0"
"登録外","2013年02月04日13時53分31秒","2013年02月04日13時53分35秒","0","0","2"
"登録外","2013年02月04日13時53分35秒","2013年02月04日13時53分37秒","0","0","2"
"登録外","2013年02月04日13時53分37秒","2013年02月04日13時53分44秒","0","0","0"
"登録外","2013年02月04日13時53分44秒","2013年02月04日13時53分47秒","0","0","0"
"登録外","2013年02月04日13時53分47秒","2013年02月04日13時53分48秒","0","0","0"
"登録外","2013年02月04日13時53分48秒","2013年02月04日13時53分49秒","0","0","0"
"登録外","2013年02月04日13時53分49秒","2013年02月04日13時54分02秒","0","0","0"
"登録外","2013年02月04日13時54分02秒","2013年02月04日13時54分06秒","0","0","0"
"登録外","2013年02月04日13時54分06秒","2013年02月04日13時54分13秒","0","0","0"
"登録外","2013年02月04日13時54分13秒","2013年02月04日13時54分57秒","0","0","2"
"登録外","2013年02月04日13時54分57秒","2013年02月04日13時54分58秒","0","0","0"
"登録外","2013年02月04日13時54分58秒","2013年02月04日13時55分01秒","0","0","0"
"登録外","2013年02月04日13時55分01秒","2013年02月04日13時55分03秒","0","0","2"
"登録外","2013年02月04日13時55分03秒","2013年02月04日13時56分01秒","0","0","0"
"登録外","2013年02月04日13時56分01秒","2013年02月04日13時56分06秒","0","0","0"
"登録外","2013年02月04日13時56分06秒","2013年02月04日13時57分08秒","0","0","30"
"登録外","2013年02月04日13時57分08秒","2013年02月04日13時57分09秒","0","0","0"
"登録外","2013年02月04日13時57分09秒","2013年02月04日13時57分40秒","0","0","0"
"登録外","2013年02月04日13時57分40秒","2013年02月04日13時57分59秒","0","0","0"
"登録外","2013年02月04日13時57分59秒","2013年02月04日13時58分25秒","0","0","1"
"登録外","2013年02月04日13時58分25秒","2013年02月04日13時58分33秒","0","0","0"
"登録外","2013年02月04日13時58分33秒","2013年02月04日13時58分47秒","0","0","2"
"メール","2013年02月04日13時58分47秒","2013年02月04日13時58分50秒","0","0","0"
"メール","2013年02月04日13時58分50秒","2013年02月04日13時59分02秒","0","0","0"
"メール","2013年02月04日13時59分02秒","2013年02月04日13時59分21秒","0","0","3"
"メール","2013年02月04日13時59分21秒","2013年02月04日13時59分24秒","0","0","0"
"メール","2013年02月04日13時59分24秒","2013年02月04日13時59分25秒","0","0","0"
"メール","2013年02月04日13時59分25秒","2013年02月04日13時59分27秒","0","0","0"
"メール","2013年02月04日13時59分27秒","2013年02月04日13時59分29秒","0","0","0"
"メール","2013年02月04日13時59分29秒","2013年02月04日13時59分32秒","0","0","0"
"メール","2013年02月04日13時59分32秒","2013年02月04日13時59分33秒","0","0","0"
"メール","2013年02月04日13時59分33秒","2013年02月04日13時59分45秒","0","0","0"
"登録外","2013年02月04日13時59分45秒","2013年02月04日13時59分50秒","0","0","0"
"登録外","2013年02月04日13時59分50秒","2013年02月04日14時00分01秒","0","0","0"
"登録外","2013年02月04日14時00分01秒","2013年02月04日14時00分02秒","0","0","0"
"登録外","2013年02月04日14時00分02秒","2013年02月04日14時00分04秒","0","0","2"
"ファイル操作","2013年02月04日14時00分04秒","2013年02月04日14時00分05秒","0","0","0"
"登録外","2013年02月04日14時00分05秒","2013年02月04日14時01分57秒","0","0","3"
"登録外","2013年02月04日14時01分58秒","2013年02月04日14時02分48秒","0","0","0"
"登録外","2013年02月04日14時02分48秒","2013年02月04日14時02分50秒","0","0","0"
"登録外","2013年02月04日14時02分50秒","2013年02月04日14時02分51秒","0","0","0"
"登録外","2013年02月04日14時02分51秒","2013年02月04日14時03分13秒","0","0","0"
"登録外","2013年02月04日14時03分46秒","2013年02月04日14時03分47秒","0","0","2"
"登録外","2013年02月04日14時03分47秒","2013年02月04日14時04分07秒","0","0","2"
"登録外","2013年02月04日14時04分08秒","2013年02月04日14時04分57秒","0","0","9"
"登録外","2013年02月04日14時04分57秒","2013年02月04日14時04分59秒","0","0","0"
"登録外","2013年02月04日14時04分59秒","2013年02月04日14時05分00秒","0","0","2"
"登録外","2013年02月04日14時05分00秒","2013年02月04日14時05分01秒","0","0","0"
"登録外","2013年02月04日14時05分01秒","2013年02月04日14時05分02秒","0","0","2"
"登録外","2013年02月04日14時05分02秒","2013年02月04日14時05分06秒","0","0","3"
"登録外","2013年02月04日14時05分06秒","2013年02月04日14時05分07秒","0","0","0"
"登録外","2013年02月04日14時05分07秒","2013年02月04日14時05分13秒","0","0","2"
"登録外","2013年02月04日14時05分13秒","2013年02月04日14時06分57秒","0","0","25"
"登録外","2013年02月04日14時06分57秒","2013年02月04日14時06分58秒","0","0","0"
"登録外","2013年02月04日14時06分58秒","2013年02月04日14時06分59秒","0","0","2"
"登録外","2013年02月04日14時06分59秒","2013年02月04日14時07分00秒","0","0","0"
"登録外","2013年02月04日14時07分00秒","2013年02月04日14時10分01秒","0","0","33"
"登録外","2013年02月04日14時10分01秒","2013年02月04日14時12分38秒","0","0","11"
"登録外","2013年02月04日14時12分38秒","2013年02月04日14時12分46秒","0","0","2"
"登録外","2013年02月04日14時12分46秒","2013年02月04日14時13分04秒","0","0","0"
"登録外","2013年02月04日14時13分04秒","2013年02月04日14時13分09秒","0","0","0"
"登録外","2013年02月04日14時13分09秒","2013年02月04日14時13分53秒","0","0","5"
"登録外","2013年02月04日14時13分53秒","2013年02月04日14時14分26秒","0","0","0"
"登録外","2013年02月04日14時14分26秒","2013年02月04日14時15分01秒","0","0","0"
"登録外","2013年02月04日14時15分01秒","2013年02月04日14時16分42秒","0","0","9"
"登録外","2013年02月04日14時16分42秒","2013年02月04日14時17分30秒","0","0","2"
"登録外","2013年02月04日14時17分30秒","2013年02月04日14時18分18秒","0","0","4"
"メール","2013年02月04日14時18分19秒","2013年02月04日14時18分23秒","0","0","0"
"登録外","2013年02月04日14時18分23秒","2013年02月04日14時18分26秒","0","0","0"
"登録外","2013年02月04日14時18分26秒","2013年02月04日14時18分41秒","0","0","0"
"登録外","2013年02月04日14時18分41秒","2013年02月04日14時19分43秒","0","0","11"
"登録外","2013年02月04日14時19分43秒","2013年02月04日14時19分48秒","0","0","0"
"登録外","2013年02月04日14時19分48秒","2013年02月04日14時20分01秒","0","0","0"
"登録外","2013年02月04日14時20分01秒","2013年02月04日14時20分14秒","0","0","3"
"登録外","2013年02月04日14時20分14秒","2013年02月04日14時20分19秒","0","0","0"
"登録外","2013年02月04日14時20分19秒","2013年02月04日14時20分31秒","0","0","0"
"登録外","2013年02月04日14時20分31秒","2013年02月04日14時20分39秒","0","0","2"
"登録外","2013年02月04日14時20分40秒","2013年02月04日14時20分42秒","0","0","0"
"登録外","2013年02月04日14時20分43秒","2013年02月04日14時20分45秒","0","0","2"
"登録外","2013年02月04日14時20分45秒","2013年02月04日14時20分54秒","0","0","0"
"ファイル操作","2013年02月04日14時20分54秒","2013年02月04日14時20分55秒","0","0","0"
"ファイル操作","2013年02月04日14時20分55秒","2013年02月04日14時20分57秒","0","0","0"
"ファイル操作","2013年02月04日14時20分57秒","2013年02月04日14時20分58秒","0","0","0"
"ファイル操作","2013年02月04日14時20分58秒","2013年02月04日14時20分59秒","0","0","0"
"ファイル操作","2013年02月04日14時20分59秒","2013年02月04日14時21分28秒","0","0","2"
"ファイル操作","2013年02月04日14時21分28秒","2013年02月04日14時21分32秒","0","0","2"
"ファイル操作","2013年02月04日14時21分32秒","2013年02月04日14時21分33秒","0","0","0"
"ファイル操作","2013年02月04日14時21分33秒","2013年02月04日14時21分35秒","0","0","0"
"登録外","2013年02月04日14時21分35秒","2013年02月04日14時21分45秒","0","0","1"
"ブラウザ","2013年02月04日14時21分45秒","2013年02月04日14時21分46秒","0","0","0"
"登録外","2013年02月04日14時21分46秒","2013年02月04日14時21分47秒","0","0","0"
"ファイル操作","2013年02月04日14時21分47秒","2013年02月04日14時21分48秒","0","0","0"
"ファイル操作","2013年02月04日14時21分48秒","2013年02月04日14時21分53秒","0","0","0"
"登録外","2013年02月04日14時21分53秒","2013年02月04日14時23分54秒","0","0","0"
"登録外","2013年02月04日14時23分54秒","2013年02月04日14時24分00秒","0","0","0"
"登録外","2013年02月04日14時24分00秒","2013年02月04日14時24分20秒","0","0","5"
"登録外","2013年02月04日14時24分20秒","2013年02月04日14時24分31秒","0","0","0"
"登録外","2013年02月04日14時24分31秒","2013年02月04日14時24分32秒","0","0","0"
"登録外","2013年02月04日14時24分32秒","2013年02月04日14時24分53秒","0","0","2"
"登録外","2013年02月04日14時24分53秒","2013年02月04日14時25分02秒","0","0","3"
"登録外","2013年02月04日14時25分02秒","2013年02月04日14時25分30秒","0","0","6"
"登録外","2013年02月04日14時25分30秒","2013年02月04日14時25分35秒","0","0","0"
"登録外","2013年02月04日14時25分35秒","2013年02月04日14時25分36秒","0","0","0"
"登録外","2013年02月04日14時25分36秒","2013年02月04日14時25分44秒","0","0","0"
"ファイル操作","2013年02月04日14時25分44秒","2013年02月04日14時25分45秒","0","0","0"
"ファイル操作","2013年02月04日14時25分45秒","2013年02月04日14時25分50秒","0","0","2"
"ファイル操作","2013年02月04日14時25分50秒","2013年02月04日14時25分52秒","0","0","0"
"ファイル操作","2013年02月04日14時25分52秒","2013年02月04日14時25分57秒","0","0","2"
"ファイル操作","2013年02月04日14時25分57秒","2013年02月04日14時26分15秒","0","0","0"
"ファイル操作","2013年02月04日14時26分15秒","2013年02月04日14時26分17秒","0","0","0"
"ファイル操作","2013年02月04日14時26分17秒","2013年02月04日14時26分20秒","0","0","0"
"ファイル操作","2013年02月04日14時26分20秒","2013年02月04日14時26分29秒","0","0","4"
"登録外","2013年02月04日14時26分29秒","2013年02月04日14時26分42秒","0","0","1"
"登録外","2013年02月04日14時26分42秒","2013年02月04日14時26分51秒","0","0","0"
"登録外","2013年02月04日14時26分51秒","2013年02月04日14時26分53秒","0","0","4"
"登録外","2013年02月04日14時26分53秒","2013年02月04日14時26分54秒","0","0","1"
"登録外","2013年02月04日14時26分54秒","2013年02月04日14時26分55秒","0","0","0"
"登録外","2013年02月04日14時26分55秒","2013年02月04日14時26分57秒","0","0","1"
"登録外","2013年02月04日14時26分57秒","2013年02月04日14時27分06秒","0","0","1"
"登録外","2013年02月04日14時27分06秒","2013年02月04日14時27分09秒","0","0","0"
"登録外","2013年02月04日14時27分09秒","2013年02月04日14時27分16秒","0","0","0"
"登録外","2013年02月04日14時27分16秒","2013年02月04日14時27分35秒","0","0","0"
"登録外","2013年02月04日14時27分35秒","2013年02月04日14時27分36秒","0","0","0"
"登録外","2013年02月04日14時27分36秒","2013年02月04日14時27分38秒","0","0","0"
"登録外","2013年02月04日14時27分38秒","2013年02月04日14時27分42秒","0","0","0"
"登録外","2013年02月04日14時27分42秒","2013年02月04日14時29分08秒","0","0","0"
"ブラウザ","2013年02月04日14時29分08秒","2013年02月04日14時29分26秒","0","0","3"
"ファイル操作","2013年02月04日14時29分26秒","2013年02月04日14時29分27秒","0","0","0"
"エクセル","2013年02月04日14時29分27秒","2013年02月04日14時29分28秒","0","0","0"
"エクセル","2013年02月04日14時29分28秒","2013年02月04日14時30分02秒","0","0","0"
"エクセル","2013年02月04日14時30分02秒","2013年02月04日14時32分16秒","0","0","15"
"ファイル操作","2013年02月04日14時32分16秒","2013年02月04日14時32分19秒","0","0","0"
"エクセル","2013年02月04日14時32分19秒","2013年02月04日14時32分39秒","0","0","10"
"エクセル","2013年02月04日14時32分42秒","2013年02月04日14時32分44秒","0","0","0"
"エクセル","2013年02月04日14時32分44秒","2013年02月04日14時32分48秒","0","0","0"
"ファイル操作","2013年02月04日14時32分48秒","2013年02月04日14時32分53秒","0","0","0"
"エクセル","2013年02月04日14時32分53秒","2013年02月04日14時32分54秒","0","0","0"
"エクセル","2013年02月04日14時32分55秒","2013年02月04日14時33分30秒","0","0","27"
"ファイル操作","2013年02月04日14時33分30秒","2013年02月04日14時33分31秒","0","0","0"
"エクセル","2013年02月04日14時33分31秒","2013年02月04日14時33分43秒","0","0","10"
"ファイル操作","2013年02月04日14時33分43秒","2013年02月04日14時33分54秒","0","0","0"
"エクセル","2013年02月04日14時33分54秒","2013年02月04日14時35分00秒","0","0","147"
"ファイル操作","2013年02月04日14時35分00秒","2013年02月04日14時35分02秒","0","0","0"
"ファイル操作","2013年02月04日14時35分02秒","2013年02月04日14時35分06秒","0","0","0"
"エクセル","2013年02月04日14時35分06秒","2013年02月04日14時35分11秒","0","0","0"
"ファイル操作","2013年02月04日14時35分11秒","2013年02月04日14時35分12秒","0","0","0"
"エクセル","2013年02月04日14時35分12秒","2013年02月04日14時35分26秒","0","0","4"
"ブラウザ","2013年02月04日14時35分26秒","2013年02月04日14時35分38秒","0","0","1"
"ブラウザ","2013年02月04日14時35分38秒","2013年02月04日14時35分39秒","0","0","0"
"ブラウザ","2013年02月04日14時35分39秒","2013年02月04日14時35分50秒","0","0","0"
"ブラウザ","2013年02月04日14時35分50秒","2013年02月04日14時36分01秒","0","0","0"
"エクセル","2013年02月04日14時36分01秒","2013年02月04日14時36分03秒","0","0","0"
"エクセル","2013年02月04日14時36分03秒","2013年02月04日14時36分05秒","0","0","0"
"ブラウザ","2013年02月04日14時36分05秒","2013年02月04日14時36分21秒","0","0","0"
"ブラウザ","2013年02月04日14時36分21秒","2013年02月04日14時36分53秒","0","0","9"
"エクセル","2013年02月04日14時36分53秒","2013年02月04日14時36分55秒","0","0","0"
"エクセル","2013年02月04日14時36分55秒","2013年02月04日14時36分56秒","0","0","0"
"エクセル","2013年02月04日14時36分56秒","2013年02月04日14時36分58秒","0","0","0"
"登録外","2013年02月04日14時36分58秒","2013年02月04日14時37分11秒","0","0","2"
"登録外","2013年02月04日14時37分12秒","2013年02月04日14時37分13秒","0","0","3"
"登録外","2013年02月04日14時37分13秒","2013年02月04日14時37分15秒","0","0","0"
"登録外","2013年02月04日14時37分15秒","2013年02月04日14時37分38秒","0","0","14"
"登録外","2013年02月04日14時37分38秒","2013年02月04日14時37分39秒","0","0","1"
"登録外","2013年02月04日14時37分39秒","2013年02月04日14時37分57秒","0","0","0"
"登録外","2013年02月04日14時37分57秒","2013年02月04日14時38分00秒","0","0","0"
"登録外","2013年02月04日14時38分00秒","2013年02月04日14時38分04秒","0","0","1"
"登録外","2013年02月04日14時38分04秒","2013年02月04日14時38分34秒","0","0","2"
"登録外","2013年02月04日14時38分34秒","2013年02月04日14時38分35秒","0","0","0"
"エクセル","2013年02月04日14時38分35秒","2013年02月04日14時38分36秒","0","0","0"
"登録外","2013年02月04日14時38分37秒","2013年02月04日14時38分58秒","0","0","1"
"ファイル操作","2013年02月04日14時38分58秒","2013年02月04日14時38分59秒","0","0","0"
"エクセル","2013年02月04日14時38分59秒","2013年02月04日14時40分02秒","0","0","0"
"エクセル","2013年02月04日14時40分02秒","2013年02月04日14時40分03秒","0","0","0"
"登録外","2013年02月04日14時40分03秒","2013年02月04日14時40分47秒","0","0","2"
"登録外","2013年02月04日14時40分47秒","2013年02月04日14時41分28秒","0","0","83"
"登録外","2013年02月04日14時41分28秒","2013年02月04日14時41分30秒","0","0","0"
"登録外","2013年02月04日14時41分30秒","2013年02月04日14時41分32秒","0","0","0"
"登録外","2013年02月04日14時41分32秒","2013年02月04日14時41分33秒","0","0","0"
"登録外","2013年02月04日14時41分34秒","2013年02月04日14時41分58秒","0","0","0"
"登録外","2013年02月04日14時41分58秒","2013年02月04日14時42分07秒","0","0","16"
"登録外","2013年02月04日14時42分07秒","2013年02月04日14時42分08秒","0","0","0"
"登録外","2013年02月04日14時42分08秒","2013年02月04日14時42分09秒","0","0","0"
"登録外","2013年02月04日14時42分09秒","2013年02月04日14時42分10秒","0","0","2"
"登録外","2013年02月04日14時42分10秒","2013年02月04日14時42分25秒","0","0","1"
"登録外","2013年02月04日14時42分25秒","2013年02月04日14時42分30秒","0","0","0"
"エクセル","2013年02月04日14時42分30秒","2013年02月04日14時42分41秒","0","0","0"
"ファイル操作","2013年02月04日14時42分41秒","2013年02月04日14時42分44秒","0","0","0"
"エクセル","2013年02月04日14時42分44秒","2013年02月04日14時42分49秒","0","0","0"
"エクセル","2013年02月04日14時42分49秒","2013年02月04日14時42分50秒","0","0","0"
"エクセル","2013年02月04日14時42分50秒","2013年02月04日14時42分51秒","0","0","0"
"登録外","2013年02月04日14時42分51秒","2013年02月04日14時43分25秒","0","0","0"
"エクセル","2013年02月04日14時43分25秒","2013年02月04日14時43分26秒","0","0","0"
"ファイル操作","2013年02月04日14時43分26秒","2013年02月04日14時43分27秒","0","0","0"
"エクセル","2013年02月04日14時43分27秒","2013年02月04日14時43分28秒","0","0","0"
"エクセル","2013年02月04日14時43分28秒","2013年02月04日14時43分32秒","0","0","0"
"エクセル","2013年02月04日14時43分32秒","2013年02月04日14時43分59秒","0","0","0"
"ファイル操作","2013年02月04日14時43分59秒","2013年02月04日14時44分11秒","0","0","0"
"エクセル","2013年02月04日14時44分11秒","2013年02月04日14時44分46秒","0","0","0"
"エクセル","2013年02月04日14時44分46秒","2013年02月04日14時45分02秒","0","0","0"
"エクセル","2013年02月04日14時45分02秒","2013年02月04日14時45分06秒","0","0","0"
"メール","2013年02月04日14時45分06秒","2013年02月04日14時45分10秒","0","0","0"
"エクセル","2013年02月04日14時45分19秒","2013年02月04日14時45分20秒","0","0","2"
"ブラウザ","2013年02月04日14時45分20秒","2013年02月04日14時45分23秒","0","0","0"
"ファイル操作","2013年02月04日14時45分23秒","2013年02月04日14時45分24秒","0","0","1"
"ファイル操作","2013年02月04日14時45分24秒","2013年02月04日14時45分25秒","0","0","0"
"ファイル操作","2013年02月04日14時45分25秒","2013年02月04日14時45分27秒","0","0","1"
"ファイル操作","2013年02月04日14時45分27秒","2013年02月04日14時45分28秒","0","0","0"
"ファイル操作","2013年02月04日14時45分28秒","2013年02月04日14時45分33秒","0","0","3"
"ファイル操作","2013年02月04日14時45分33秒","2013年02月04日14時45分34秒","0","0","0"
"ファイル操作","2013年02月04日14時45分34秒","2013年02月04日14時45分35秒","0","0","0"
"ファイル操作","2013年02月04日14時45分35秒","2013年02月04日14時45分41秒","0","0","1"
"ファイル操作","2013年02月04日14時45分41秒","2013年02月04日14時45分43秒","0","0","0"
"ファイル操作","2013年02月04日14時45分43秒","2013年02月04日14時45分45秒","0","0","1"
"ファイル操作","2013年02月04日14時45分45秒","2013年02月04日14時45分46秒","0","0","0"
"ファイル操作","2013年02月04日14時45分46秒","2013年02月04日14時46分07秒","0","0","0"
"メール","2013年02月04日14時46分07秒","2013年02月04日14時46分13秒","0","0","0"
"ブラウザ","2013年02月04日14時46分13秒","2013年02月04日14時46分15秒","0","0","0"
"メール","2013年02月04日14時46分16秒","2013年02月04日14時46分48秒","0","0","0"
"登録外","2013年02月04日14時46分48秒","2013年02月04日14時48分45秒","0","0","0"
"ブラウザ","2013年02月04日14時55分02秒","2013年02月04日14時55分03秒","0","0","3"
"ブラウザ","2013年02月04日14時55分03秒","2013年02月04日14時55分10秒","0","0","12"
"ブラウザ","2013年02月04日14時55分10秒","2013年02月04日14時55分56秒","0","0","0"
"ブラウザ","2013年02月04日14時55分56秒","2013年02月04日14時55分58秒","0","0","0"
"ブラウザ","2013年02月04日14時55分58秒","2013年02月04日14時56分09秒","0","0","0"
"ファイル操作","2013年02月04日14時56分09秒","2013年02月04日14時56分11秒","0","0","0"
"ブラウザ","2013年02月04日14時56分11秒","2013年02月04日14時56分13秒","0","0","0"
"登録外","2013年02月04日14時56分13秒","2013年02月04日14時56分16秒","0","0","0"
"ブラウザ","2013年02月04日14時56分16秒","2013年02月04日14時56分25秒","0","0","1"
"ブラウザ","2013年02月04日14時56分25秒","2013年02月04日14時56分27秒","0","0","0"
"登録外","2013年02月04日14時56分27秒","2013年02月04日14時56分30秒","0","0","0"
"登録外","2013年02月04日14時56分30秒","2013年02月04日14時56分31秒","0","0","0"
"登録外","2013年02月04日14時56分31秒","2013年02月04日14時56分32秒","0","0","0"
"ブラウザ","2013年02月04日14時56分32秒","2013年02月04日14時56分49秒","0","0","1"
"登録外","2013年02月04日14時56分49秒","2013年02月04日14時56分52秒","0","0","1"
"登録外","2013年02月04日14時56分52秒","2013年02月04日14時57分11秒","0","0","0"
"登録外","2013年02月04日14時57分11秒","2013年02月04日14時57分20秒","0","0","0"
"ブラウザ","2013年02月04日14時57分20秒","2013年02月04日14時57分25秒","0","0","2"
"ファイル操作","2013年02月04日14時57分25秒","2013年02月04日14時57分29秒","0","0","0"
"エクセル","2013年02月04日14時57分29秒","2013年02月04日14時57分32秒","0","0","0"
"エクセル","2013年02月04日14時57分32秒","2013年02月04日14時58分22秒","0","0","1"
"エクセル","2013年02月04日14時58分22秒","2013年02月04日14時58分24秒","0","0","0"
"エクセル","2013年02月04日14時58分24秒","2013年02月04日14時58分27秒","0","0","0"
"エクセル","2013年02月04日14時58分27秒","2013年02月04日14時58分32秒","0","0","0"
"登録外","2013年02月04日14時58分32秒","2013年02月04日14時58分38秒","0","0","0"
"登録外","2013年02月04日14時58分38秒","2013年02月04日14時58分49秒","0","0","0"
"登録外","2013年02月04日14時58分49秒","2013年02月04日14時59分17秒","0","0","0"
"登録外","2013年02月04日14時59分17秒","2013年02月04日14時59分24秒","0","0","0"
"登録外","2013年02月04日14時59分24秒","2013年02月04日14時59分31秒","0","0","0"
"登録外","2013年02月04日14時59分31秒","2013年02月04日14時59分33秒","0","0","0"
"登録外","2013年02月04日14時59分33秒","2013年02月04日14時59分42秒","0","0","0"
"登録外","2013年02月04日14時59分42秒","2013年02月04日14時59分44秒","0","0","0"
"登録外","2013年02月04日14時59分44秒","2013年02月04日14時59分49秒","0","0","0"
"登録外","2013年02月04日14時59分49秒","2013年02月04日14時59分51秒","0","0","0"
"登録外","2013年02月04日14時59分51秒","2013年02月04日14時59分54秒","0","0","0"
"登録外","2013年02月04日14時59分54秒","2013年02月04日14時59分55秒","0","0","0"
"登録外","2013年02月04日14時59分55秒","2013年02月04日15時00分03秒","0","0","0"
"登録外","2013年02月04日15時00分03秒","2013年02月04日15時00分15秒","0","0","2"
"エクセル","2013年02月04日15時00分15秒","2013年02月04日15時00分28秒","0","0","0"
"登録外","2013年02月04日15時00分28秒","2013年02月04日15時00分29秒","0","0","0"
"エクセル","2013年02月04日15時00分29秒","2013年02月04日15時00分47秒","0","0","0"
"登録外","2013年02月04日15時00分47秒","2013年02月04日15時01分08秒","0","0","0"
"エクセル","2013年02月04日15時01分08秒","2013年02月04日15時01分12秒","0","0","0"
"ブラウザ","2013年02月04日15時01分12秒","2013年02月04日15時01分24秒","0","0","0"
"ブラウザ","2013年02月04日15時01分24秒","2013年02月04日15時01分26秒","0","0","0"
"ブラウザ","2013年02月04日15時01分26秒","2013年02月04日15時01分32秒","0","0","1"
"ブラウザ","2013年02月04日15時01分32秒","2013年02月04日15時01分35秒","0","0","0"
"ブラウザ","2013年02月04日15時01分35秒","2013年02月04日15時01分38秒","0","0","0"
"ブラウザ","2013年02月04日15時01分38秒","2013年02月04日15時01分39秒","0","0","0"
"ブラウザ","2013年02月04日15時01分39秒","2013年02月04日15時01分42秒","0","0","2"
"ファイル操作","2013年02月04日15時01分42秒","2013年02月04日15時01分46秒","0","0","0"
"エクセル","2013年02月04日15時01分46秒","2013年02月04日15時02分01秒","0","0","0"
"登録外","2013年02月04日15時02分02秒","2013年02月04日15時02分13秒","0","0","0"
"エクセル","2013年02月04日15時02分13秒","2013年02月04日15時02分19秒","0","0","0"
"エクセル","2013年02月04日15時02分19秒","2013年02月04日15時02分20秒","0","0","0"
"エクセル","2013年02月04日15時02分20秒","2013年02月04日15時02分27秒","0","0","0"
"エクセル","2013年02月04日15時02分27秒","2013年02月04日15時02分54秒","0","0","0"
"ファイル操作","2013年02月04日15時02分54秒","2013年02月04日15時03分00秒","0","0","0"
"登録外","2013年02月04日15時03分00秒","2013年02月04日15時03分01秒","0","0","0"
"登録外","2013年02月04日15時03分07秒","2013年02月04日15時03分11秒","0","0","0"
"登録外","2013年02月04日15時03分11秒","2013年02月04日15時03分13秒","0","0","0"
"登録外","2013年02月04日15時03分13秒","2013年02月04日15時03分27秒","0","0","0"
"エクセル","2013年02月04日15時03分27秒","2013年02月04日15時03分38秒","0","0","0"
"登録外","2013年02月04日15時03分38秒","2013年02月04日15時03分39秒","0","0","0"
"エクセル","2013年02月04日15時03分39秒","2013年02月04日15時03分54秒","0","0","0"
"登録外","2013年02月04日15時03分54秒","2013年02月04日15時03分56秒","0","0","0"
"エクセル","2013年02月04日15時03分56秒","2013年02月04日15時04分02秒","0","0","0"
"登録外","2013年02月04日15時04分02秒","2013年02月04日15時04分08秒","0","0","0"
"登録外","2013年02月04日15時04分08秒","2013年02月04日15時04分18秒","0","0","0"
"登録外","2013年02月04日15時04分18秒","2013年02月04日15時04分23秒","0","0","0"
"登録外","2013年02月04日15時04分23秒","2013年02月04日15時04分28秒","0","0","0"
"登録外","2013年02月04日15時04分28秒","2013年02月04日15時04分47秒","0","0","0"
"登録外","2013年02月04日15時04分47秒","2013年02月04日15時05分02秒","0","0","0"
"登録外","2013年02月04日15時06分08秒","2013年02月04日15時06分15秒","0","0","10"
"エクセル","2013年02月04日15時06分15秒","2013年02月04日15時06分32秒","0","0","0"
"登録外","2013年02月04日15時06分32秒","2013年02月04日15時06分38秒","0","0","0"
"登録外","2013年02月04日15時06分38秒","2013年02月04日15時06分39秒","0","0","0"
"登録外","2013年02月04日15時06分39秒","2013年02月04日15時06分40秒","0","0","0"
"登録外","2013年02月04日15時06分40秒","2013年02月04日15時06分43秒","0","0","0"
"登録外","2013年02月04日15時06分43秒","2013年02月04日15時06分44秒","0","0","0"
"エクセル","2013年02月04日15時06分44秒","2013年02月04日15時07分11秒","0","0","0"
"登録外","2013年02月04日15時07分11秒","2013年02月04日15時07分33秒","0","0","0"
"エクセル","2013年02月04日15時07分33秒","2013年02月04日15時07分37秒","0","0","0"
"登録外","2013年02月04日15時07分37秒","2013年02月04日15時07分38秒","0","0","0"
"エクセル","2013年02月04日15時07分38秒","2013年02月04日15時08分18秒","0","0","0"
"登録外","2013年02月04日15時08分18秒","2013年02月04日15時08分31秒","0","0","0"
"エクセル","2013年02月04日15時08分31秒","2013年02月04日15時08分33秒","0","0","1"
"登録外","2013年02月04日15時08分33秒","2013年02月04日15時08分41秒","0","0","3"
"エクセル","2013年02月04日15時08分41秒","2013年02月04日15時08分43秒","0","0","0"
"ファイル操作","2013年02月04日15時08分43秒","2013年02月04日15時08分46秒","0","0","2"
"ファイル操作","2013年02月04日15時08分46秒","2013年02月04日15時08分47秒","0","0","0"
"ファイル操作","2013年02月04日15時08分47秒","2013年02月04日15時08分49秒","0","0","0"
"ファイル操作","2013年02月04日15時08分49秒","2013年02月04日15時08分50秒","0","0","0"
"ファイル操作","2013年02月04日15時08分50秒","2013年02月04日15時08分51秒","0","0","0"
"エクセル","2013年02月04日15時08分51秒","2013年02月04日15時08分53秒","0","0","0"
"登録外","2013年02月04日15時08分53秒","2013年02月04日15時09分06秒","0","0","0"
"登録外","2013年02月04日15時09分06秒","2013年02月04日15時09分39秒","0","0","37"
"登録外","2013年02月04日15時09分39秒","2013年02月04日15時09分44秒","0","0","0"
"登録外","2013年02月04日15時09分44秒","2013年02月04日15時10分04秒","0","0","0"
"登録外","2013年02月04日15時10分04秒","2013年02月04日15時10分12秒","0","0","0"
"登録外","2013年02月04日15時10分13秒","2013年02月04日15時10分34秒","0","0","0"
"ファイル操作","2013年02月04日15時10分34秒","2013年02月04日15時10分35秒","0","0","0"
"ファイル操作","2013年02月04日15時10分35秒","2013年02月04日15時10分37秒","0","0","0"
"登録外","2013年02月04日15時10分37秒","2013年02月04日15時10分59秒","0","0","0"
"ファイル操作","2013年02月04日15時10分59秒","2013年02月04日15時11分07秒","0","0","0"
"登録外","2013年02月04日15時11分07秒","2013年02月04日15時11分08秒","0","0","0"
"登録外","2013年02月04日15時11分08秒","2013年02月04日15時11分16秒","0","0","10"
"登録外","2013年02月04日15時11分16秒","2013年02月04日15時11分17秒","0","0","0"
"登録外","2013年02月04日15時11分17秒","2013年02月04日15時11分22秒","0","0","0"
"登録外","2013年02月04日15時11分22秒","2013年02月04日15時11分40秒","0","0","0"
"登録外","2013年02月04日15時11分40秒","2013年02月04日15時11分51秒","0","0","0"
"エクセル","2013年02月04日15時11分51秒","2013年02月04日15時12分28秒","0","0","0"
"登録外","2013年02月04日15時12分28秒","2013年02月04日15時12分37秒","0","0","0"
"メール","2013年02月04日15時12分37秒","2013年02月04日15時12分41秒","0","0","0"
"登録外","2013年02月04日15時12分41秒","2013年02月04日15時12分49秒","0","0","0"
"登録外","2013年02月04日15時12分49秒","2013年02月04日15時13分01秒","0","0","0"
"登録外","2013年02月04日15時13分01秒","2013年02月04日15時13分22秒","0","0","1"
"登録外","2013年02月04日15時13分22秒","2013年02月04日15時14分52秒","0","0","0"
"エクセル","2013年02月04日15時14分52秒","2013年02月04日15時15分04秒","0","0","0"
"エクセル","2013年02月04日15時15分04秒","2013年02月04日15時16分08秒","0","0","0"
"登録外","2013年02月04日15時16分08秒","2013年02月04日15時16分16秒","0","0","0"
"エクセル","2013年02月04日15時16分16秒","2013年02月04日15時16分20秒","0","0","0"
"登録外","2013年02月04日15時17分56秒","2013年02月04日15時18分06秒","0","0","5"
"登録外","2013年02月04日15時18分06秒","2013年02月04日15時18分08秒","0","0","0"
"登録外","2013年02月04日15時18分08秒","2013年02月04日15時18分13秒","0","0","5"
"登録外","2013年02月04日15時18分13秒","2013年02月04日15時18分14秒","0","0","2"
"登録外","2013年02月04日15時18分14秒","2013年02月04日15時18分15秒","0","0","2"
"登録外","2013年02月04日15時18分15秒","2013年02月04日15時18分16秒","0","0","2"
"登録外","2013年02月04日15時18分16秒","2013年02月04日15時18分18秒","0","0","2"
"登録外","2013年02月04日15時18分18秒","2013年02月04日15時18分19秒","0","0","0"
"エクセル","2013年02月04日15時18分19秒","2013年02月04日15時18分29秒","0","0","0"
"登録外","2013年02月04日15時18分29秒","2013年02月04日15時18分33秒","0","0","0"
"登録外","2013年02月04日15時18分33秒","2013年02月04日15時18分35秒","0","0","2"
"登録外","2013年02月04日15時18分35秒","2013年02月04日15時18分36秒","0","0","0"
"エクセル","2013年02月04日15時18分36秒","2013年02月04日15時18分41秒","0","0","0"
"登録外","2013年02月04日15時18分41秒","2013年02月04日15時18分42秒","0","0","0"
"登録外","2013年02月04日15時18分43秒","2013年02月04日15時18分44秒","0","0","0"
"登録外","2013年02月04日15時18分44秒","2013年02月04日15時18分46秒","0","0","0"
"登録外","2013年02月04日15時18分46秒","2013年02月04日15時18分47秒","0","0","0"
"エクセル","2013年02月04日15時18分47秒","2013年02月04日15時19分05秒","0","0","0"
"登録外","2013年02月04日15時19分05秒","2013年02月04日15時19分15秒","0","0","4"
"登録外","2013年02月04日15時19分15秒","2013年02月04日15時19分21秒","0","0","0"
"登録外","2013年02月04日15時19分21秒","2013年02月04日15時19分23秒","0","0","0"
"登録外","2013年02月04日15時19分23秒","2013年02月04日15時19分24秒","0","0","0"
"登録外","2013年02月04日15時19分24秒","2013年02月04日15時19分25秒","0","0","0"
"エクセル","2013年02月04日15時19分25秒","2013年02月04日15時19分38秒","0","0","0"
"登録外","2013年02月04日15時19分38秒","2013年02月04日15時19分41秒","0","0","1"
"登録外","2013年02月04日15時19分41秒","2013年02月04日15時19分43秒","0","0","0"
"登録外","2013年02月04日15時19分43秒","2013年02月04日15時19分53秒","0","0","6"
"登録外","2013年02月04日15時19分53秒","2013年02月04日15時19分57秒","0","0","0"
"登録外","2013年02月04日15時19分57秒","2013年02月04日15時19分58秒","0","0","0"
"エクセル","2013年02月04日15時19分58秒","2013年02月04日15時20分05秒","0","0","0"
"エクセル","2013年02月04日15時20分05秒","2013年02月04日15時20分08秒","0","0","0"
"登録外","2013年02月04日15時20分08秒","2013年02月04日15時20分26秒","0","0","4"
"エクセル","2013年02月04日15時20分26秒","2013年02月04日15時20分37秒","0","0","2"
"登録外","2013年02月04日15時20分37秒","2013年02月04日15時20分39秒","0","0","3"
"登録外","2013年02月04日15時20分39秒","2013年02月04日15時20分42秒","0","0","0"
"登録外","2013年02月04日15時20分42秒","2013年02月04日15時20分43秒","0","0","0"
"エクセル","2013年02月04日15時20分43秒","2013年02月04日15時20分51秒","0","0","0"
"登録外","2013年02月04日15時20分51秒","2013年02月04日15時21分08秒","0","0","16"
"登録外","2013年02月04日15時21分08秒","2013年02月04日15時21分12秒","0","0","0"
"エクセル","2013年02月04日15時21分12秒","2013年02月04日15時21分24秒","0","0","0"
"登録外","2013年02月04日15時21分24秒","2013年02月04日15時21分35秒","0","0","0"
"ファイル操作","2013年02月04日15時21分35秒","2013年02月04日15時21分38秒","0","0","0"
"ファイル操作","2013年02月04日15時21分38秒","2013年02月04日15時21分42秒","0","0","0"
"登録外","2013年02月04日15時21分42秒","2013年02月04日15時21分44秒","0","0","0"
"登録外","2013年02月04日15時21分44秒","2013年02月04日15時21分58秒","0","0","29"
"登録外","2013年02月04日15時21分58秒","2013年02月04日15時22分01秒","0","0","0"
"登録外","2013年02月04日15時22分01秒","2013年02月04日15時22分02秒","0","0","0"
"登録外","2013年02月04日15時22分02秒","2013年02月04日15時22分03秒","0","0","0"
"ファイル操作","2013年02月04日15時22分06秒","2013年02月04日15時22分12秒","0","0","0"
"登録外","2013年02月04日15時22分12秒","2013年02月04日15時22分25秒","0","0","22"
"登録外","2013年02月04日15時22分25秒","2013年02月04日15時22分26秒","0","0","0"
"ファイル操作","2013年02月04日15時22分26秒","2013年02月04日15時22分27秒","0","0","0"
"登録外","2013年02月04日15時22分27秒","2013年02月04日15時22分28秒","0","0","0"
"登録外","2013年02月04日15時22分29秒","2013年02月04日15時22分30秒","0","0","0"
"ファイル操作","2013年02月04日15時22分30秒","2013年02月04日15時22分31秒","0","0","0"
"登録外","2013年02月04日15時22分31秒","2013年02月04日15時22分32秒","0","0","0"
"ファイル操作","2013年02月04日15時22分32秒","2013年02月04日15時22分33秒","0","0","0"
"登録外","2013年02月04日15時22分33秒","2013年02月04日15時22分37秒","0","0","0"
"登録外","2013年02月04日15時22分37秒","2013年02月04日15時23分41秒","0","0","0"
"登録外","2013年02月04日15時23分41秒","2013年02月04日15時23分43秒","0","0","0"
"登録外","2013年02月04日15時23分43秒","2013年02月04日15時23分51秒","0","0","0"
"登録外","2013年02月04日15時23分51秒","2013年02月04日15時24分15秒","0","0","0"
"エクセル","2013年02月04日15時24分15秒","2013年02月04日15時24分25秒","0","0","0"
"登録外","2013年02月04日15時24分25秒","2013年02月04日15時24分32秒","0","0","7"
"登録外","2013年02月04日15時24分32秒","2013年02月04日15時24分37秒","0","0","0"
"登録外","2013年02月04日15時24分37秒","2013年02月04日15時24分38秒","0","0","0"
"エクセル","2013年02月04日15時24分38秒","2013年02月04日15時24分41秒","0","0","0"
"登録外","2013年02月04日15時24分41秒","2013年02月04日15時24分45秒","0","0","2"
"登録外","2013年02月04日15時24分45秒","2013年02月04日15時24分46秒","0","0","1"
"登録外","2013年02月04日15時24分46秒","2013年02月04日15時24分50秒","0","0","2"
"登録外","2013年02月04日15時24分50秒","2013年02月04日15時24分52秒","0","0","1"
"登録外","2013年02月04日15時24分52秒","2013年02月04日15時24分54秒","0","0","1"
"登録外","2013年02月04日15時24分54秒","2013年02月04日15時24分55秒","0","0","1"
"登録外","2013年02月04日15時24分55秒","2013年02月04日15時24分56秒","0","0","0"
"エクセル","2013年02月04日15時24分56秒","2013年02月04日15時25分00秒","0","0","0"
"登録外","2013年02月04日15時25分00秒","2013年02月04日15時25分02秒","0","0","0"
"エクセル","2013年02月04日15時25分02秒","2013年02月04日15時25分05秒","0","0","0"
"エクセル","2013年02月04日15時25分05秒","2013年02月04日15時25分13秒","0","0","0"
"登録外","2013年02月04日15時25分13秒","2013年02月04日15時25分15秒","0","0","5"
"登録外","2013年02月04日15時25分15秒","2013年02月04日15時25分16秒","0","0","1"
"登録外","2013年02月04日15時25分16秒","2013年02月04日15時25分17秒","0","0","0"
"登録外","2013年02月04日15時25分17秒","2013年02月04日15時25分18秒","0","0","0"
"登録外","2013年02月04日15時25分18秒","2013年02月04日15時25分19秒","0","0","0"
"エクセル","2013年02月04日15時25分19秒","2013年02月04日15時26分21秒","0","0","0"
"登録外","2013年02月04日15時26分25秒","2013年02月04日15時27分26秒","0","0","28"
"エクセル","2013年02月04日15時27分26秒","2013年02月04日15時27分35秒","0","0","0"
"ファイル操作","2013年02月04日15時27分35秒","2013年02月04日15時27分38秒","0","0","0"
"登録外","2013年02月04日15時27分38秒","2013年02月04日15時27分40秒","0","0","0"
"エクセル","2013年02月04日15時27分40秒","2013年02月04日15時27分41秒","0","0","0"
"登録外","2013年02月04日15時27分41秒","2013年02月04日15時27分42秒","0","0","0"
"登録外","2013年02月04日15時27分42秒","2013年02月04日15時27分43秒","0","0","0"
"エクセル","2013年02月04日15時27分43秒","2013年02月04日15時29分34秒","0","0","0"
"ファイル操作","2013年02月04日15時29分34秒","2013年02月04日15時29分38秒","0","0","0"
"メール","2013年02月04日15時29分38秒","2013年02月04日15時29分40秒","0","0","0"
"登録外","2013年02月04日15時29分40秒","2013年02月04日15時30分00秒","0","0","43"
"登録外","2013年02月04日15時30分00秒","2013年02月04日15時30分04秒","0","0","0"
"登録外","2013年02月04日15時30分04秒","2013年02月04日15時30分05秒","0","0","0"
"登録外","2013年02月04日15時30分05秒","2013年02月04日15時30分13秒","0","0","4"
"登録外","2013年02月04日15時30分13秒","2013年02月04日15時30分14秒","0","0","1"
"登録外","2013年02月04日15時30分14秒","2013年02月04日15時30分17秒","0","0","6"
"登録外","2013年02月04日15時30分17秒","2013年02月04日15時30分20秒","0","0","0"
"登録外","2013年02月04日15時30分20秒","2013年02月04日15時30分33秒","0","0","1"
"エクセル","2013年02月04日15時30分33秒","2013年02月04日15時30分53秒","0","0","0"
"登録外","2013年02月04日15時30分53秒","2013年02月04日15時31分07秒","0","0","4"
"エクセル","2013年02月04日15時31分07秒","2013年02月04日15時31分10秒","0","0","0"
"登録外","2013年02月04日15時31分10秒","2013年02月04日15時31分11秒","0","0","0"
"登録外","2013年02月04日15時31分11秒","2013年02月04日15時31分15秒","0","0","1"
"登録外","2013年02月04日15時31分15秒","2013年02月04日15時31分18秒","0","0","0"
"エクセル","2013年02月04日15時31分18秒","2013年02月04日15時31分23秒","0","0","0"
"登録外","2013年02月04日15時31分23秒","2013年02月04日15時31分42秒","0","0","1"
"登録外","2013年02月04日15時31分42秒","2013年02月04日15時32分38秒","0","0","0"
"登録外","2013年02月04日15時32分38秒","2013年02月04日15時32分59秒","0","0","0"
"エクセル","2013年02月04日15時32分59秒","2013年02月04日15時33分12秒","0","0","0"
"登録外","2013年02月04日15時33分12秒","2013年02月04日15時33分13秒","0","0","0"
"登録外","2013年02月04日15時33分13秒","2013年02月04日15時33分15秒","0","0","0"
"登録外","2013年02月04日15時33分15秒","2013年02月04日15時33分21秒","0","0","0"
"登録外","2013年02月04日15時33分21秒","2013年02月04日15時34分09秒","0","0","1"
"登録外","2013年02月04日15時34分09秒","2013年02月04日15時34分12秒","0","0","0"
"登録外","2013年02月04日15時34分13秒","2013年02月04日15時34分24秒","0","0","25"
"登録外","2013年02月04日15時34分24秒","2013年02月04日15時34分29秒","0","0","0"
"登録外","2013年02月04日15時34分29秒","2013年02月04日15時34分36秒","0","0","0"
"登録外","2013年02月04日15時34分36秒","2013年02月04日15時34分57秒","0","0","1"
"登録外","2013年02月04日15時34分57秒","2013年02月04日15時35分03秒","0","0","1"
"登録外","2013年02月04日15時35分03秒","2013年02月04日15時35分05秒","0","0","0"
"登録外","2013年02月04日15時35分05秒","2013年02月04日15時35分11秒","0","0","0"
"エクセル","2013年02月04日15時35分11秒","2013年02月04日15時35分32秒","0","0","0"
"登録外","2013年02月04日15時35分32秒","2013年02月04日15時35分36秒","0","0","0"
"登録外","2013年02月04日15時35分36秒","2013年02月04日15時35分38秒","0","0","0"
"登録外","2013年02月04日15時35分38秒","2013年02月04日15時35分44秒","0","0","0"
"登録外","2013年02月04日15時35分44秒","2013年02月04日15時36分19秒","0","0","0"
"エクセル","2013年02月04日15時36分19秒","2013年02月04日15時36分27秒","0","0","0"
"登録外","2013年02月04日15時36分27秒","2013年02月04日15時36分42秒","0","0","0"
"登録外","2013年02月04日15時36分42秒","2013年02月04日15時36分46秒","0","0","1"
"登録外","2013年02月04日15時36分46秒","2013年02月04日15時36分49秒","0","0","0"
"登録外","2013年02月04日15時36分49秒","2013年02月04日15時36分52秒","0","0","0"
"登録外","2013年02月04日15時36分52秒","2013年02月04日15時36分53秒","0","0","0"
"登録外","2013年02月04日15時36分53秒","2013年02月04日15時36分57秒","0","0","0"
"エクセル","2013年02月04日15時36分57秒","2013年02月04日15時37分13秒","0","0","0"
"登録外","2013年02月04日15時37分13秒","2013年02月04日15時37分22秒","0","0","0"
"エクセル","2013年02月04日15時37分22秒","2013年02月04日15時37分26秒","0","0","0"
"登録外","2013年02月04日15時37分26秒","2013年02月04日15時37分29秒","0","0","0"
"登録外","2013年02月04日15時37分29秒","2013年02月04日15時37分33秒","0","0","0"
"登録外","2013年02月04日15時37分33秒","2013年02月04日15時37分51秒","0","0","0"
"エクセル","2013年02月04日15時37分51秒","2013年02月04日15時38分05秒","0","0","0"
"登録外","2013年02月04日15時38分05秒","2013年02月04日15時38分33秒","0","0","0"
"登録外","2013年02月04日15時38分33秒","2013年02月04日15時38分40秒","0","0","1"
"登録外","2013年02月04日15時38分40秒","2013年02月04日15時38分45秒","0","0","0"
"登録外","2013年02月04日15時38分45秒","2013年02月04日15時39分02秒","0","0","0"
"登録外","2013年02月04日15時39分02秒","2013年02月04日15時39分30秒","0","0","0"
"登録外","2013年02月04日15時39分30秒","2013年02月04日15時39分34秒","0","0","0"
"登録外","2013年02月04日15時39分34秒","2013年02月04日15時39分38秒","0","0","0"
"登録外","2013年02月04日15時39分38秒","2013年02月04日15時39分45秒","0","0","0"
"登録外","2013年02月04日15時39分45秒","2013年02月04日15時39分47秒","0","0","2"
"登録外","2013年02月04日15時39分47秒","2013年02月04日15時39分54秒","0","0","9"
"登録外","2013年02月04日15時39分54秒","2013年02月04日15時40分05秒","0","0","0"
"登録外","2013年02月04日15時40分05秒","2013年02月04日15時40分06秒","0","0","0"
"エクセル","2013年02月04日15時40分06秒","2013年02月04日15時40分18秒","0","0","0"
"登録外","2013年02月04日15時40分18秒","2013年02月04日15時41分17秒","0","0","0"
"エクセル","2013年02月04日15時41分17秒","2013年02月04日15時41分40秒","0","0","0"
"登録外","2013年02月04日15時41分40秒","2013年02月04日15時42分27秒","0","0","3"
"登録外","2013年02月04日15時42分27秒","2013年02月04日15時42分33秒","0","0","2"
"登録外","2013年02月04日15時42分33秒","2013年02月04日15時42分37秒","0","0","0"
"エクセル","2013年02月04日15時42分37秒","2013年02月04日15時43分45秒","0","0","0"
"登録外","2013年02月04日15時43分45秒","2013年02月04日15時43分59秒","0","0","0"
"登録外","2013年02月04日15時43分59秒","2013年02月04日15時44分03秒","0","0","0"
"登録外","2013年02月04日15時44分03秒","2013年02月04日15時44分04秒","0","0","0"
"登録外","2013年02月04日15時44分04秒","2013年02月04日15時44分21秒","0","0","0"
"登録外","2013年02月04日15時44分21秒","2013年02月04日15時44分26秒","0","0","0"
"登録外","2013年02月04日15時44分26秒","2013年02月04日15時44分28秒","0","0","0"
"登録外","2013年02月04日15時44分28秒","2013年02月04日15時44分33秒","0","0","0"
"登録外","2013年02月04日15時44分33秒","2013年02月04日15時44分35秒","0","0","0"
"エクセル","2013年02月04日15時44分35秒","2013年02月04日15時44分44秒","0","0","0"
"登録外","2013年02月04日15時44分45秒","2013年02月04日15時44分52秒","0","0","2"
"登録外","2013年02月04日15時44分52秒","2013年02月04日15時45分06秒","0","0","15"
"登録外","2013年02月04日15時45分06秒","2013年02月04日15時45分07秒","0","0","0"
"登録外","2013年02月04日15時45分07秒","2013年02月04日15時45分57秒","0","0","45"
"登録外","2013年02月04日15時45分57秒","2013年02月04日15時46分11秒","0","0","0"
"登録外","2013年02月04日15時46分11秒","2013年02月04日15時46分25秒","0","0","0"
"登録外","2013年02月04日15時46分25秒","2013年02月04日15時46分28秒","0","0","0"
"登録外","2013年02月04日15時46分28秒","2013年02月04日15時46分43秒","0","0","35"
"登録外","2013年02月04日15時46分43秒","2013年02月04日15時46分44秒","0","0","0"
"エクセル","2013年02月04日15時46分44秒","2013年02月04日15時46分57秒","0","0","0"
"登録外","2013年02月04日15時46分57秒","2013年02月04日15時47分55秒","0","0","1"
"エクセル","2013年02月04日15時47分55秒","2013年02月04日15時48分29秒","0","0","0"
"登録外","2013年02月04日15時48分30秒","2013年02月04日15時49分10秒","0","0","14"
"登録外","2013年02月04日15時49分10秒","2013年02月04日15時49分25秒","0","0","0"
"登録外","2013年02月04日15時49分25秒","2013年02月04日15時49分26秒","0","0","0"
"登録外","2013年02月04日15時49分26秒","2013年02月04日15時49分29秒","0","0","0"
"登録外","2013年02月04日15時49分29秒","2013年02月04日15時49分41秒","0","0","0"
"登録外","2013年02月04日15時49分41秒","2013年02月04日15時50分00秒","0","0","0"
"登録外","2013年02月04日15時50分00秒","2013年02月04日15時50分01秒","0","0","0"
"登録外","2013年02月04日15時50分01秒","2013年02月04日15時50分06秒","0","0","0"
"登録外","2013年02月04日15時50分06秒","2013年02月04日15時50分12秒","0","0","0"
"登録外","2013年02月04日15時50分12秒","2013年02月04日15時50分13秒","0","0","0"
"登録外","2013年02月04日15時50分13秒","2013年02月04日15時50分15秒","0","0","0"
"登録外","2013年02月04日15時50分15秒","2013年02月04日15時50分34秒","0","0","0"
"ファイル操作","2013年02月04日15時50分34秒","2013年02月04日15時50分36秒","0","0","0"
"エクセル","2013年02月04日15時50分36秒","2013年02月04日15時51分14秒","0","0","2"
"登録外","2013年02月04日15時51分14秒","2013年02月04日15時51分19秒","0","0","0"
"登録外","2013年02月04日15時51分19秒","2013年02月04日15時51分20秒","0","0","0"
"登録外","2013年02月04日15時51分20秒","2013年02月04日15時51分22秒","0","0","0"
"登録外","2013年02月04日15時51分22秒","2013年02月04日15時51分27秒","0","0","0"
"登録外","2013年02月04日15時51分27秒","2013年02月04日15時51分33秒","0","0","0"
"登録外","2013年02月04日15時51分33秒","2013年02月04日15時51分34秒","0","0","0"
"登録外","2013年02月04日15時51分34秒","2013年02月04日15時51分38秒","0","0","0"
"登録外","2013年02月04日15時51分38秒","2013年02月04日15時51分43秒","0","0","0"
"登録外","2013年02月04日15時51分43秒","2013年02月04日15時51分49秒","0","0","0"
"登録外","2013年02月04日15時51分49秒","2013年02月04日15時51分52秒","0","0","0"
"登録外","2013年02月04日15時51分52秒","2013年02月04日15時51分56秒","0","0","0"
"登録外","2013年02月04日15時51分56秒","2013年02月04日15時51分59秒","0","0","0"
"登録外","2013年02月04日15時51分59秒","2013年02月04日15時52分00秒","0","0","0"
"登録外","2013年02月04日15時52分00秒","2013年02月04日15時52分01秒","0","0","0"
"登録外","2013年02月04日15時52分01秒","2013年02月04日15時52分10秒","0","0","0"
"登録外","2013年02月04日15時52分10秒","2013年02月04日15時52分14秒","0","0","0"
"登録外","2013年02月04日15時52分14秒","2013年02月04日15時52分17秒","0","0","0"
"登録外","2013年02月04日15時52分17秒","2013年02月04日15時52分20秒","0","0","0"
"登録外","2013年02月04日15時52分20秒","2013年02月04日15時52分21秒","0","0","0"
"登録外","2013年02月04日15時52分21秒","2013年02月04日15時52分23秒","0","0","0"
"登録外","2013年02月04日15時52分23秒","2013年02月04日15時52分26秒","0","0","0"
"登録外","2013年02月04日15時52分26秒","2013年02月04日15時52分27秒","0","0","0"
"登録外","2013年02月04日15時52分27秒","2013年02月04日15時52分29秒","0","0","0"
"ファイル操作","2013年02月04日15時52分29秒","2013年02月04日15時52分30秒","0","0","0"
"ファイル操作","2013年02月04日15時52分30秒","2013年02月04日15時52分32秒","0","0","0"
"登録外","2013年02月04日15時52分32秒","2013年02月04日15時52分33秒","0","0","0"
"ファイル操作","2013年02月04日15時52分33秒","2013年02月04日15時52分36秒","0","0","0"
"登録外","2013年02月04日15時52分36秒","2013年02月04日15時52分38秒","0","0","0"
"登録外","2013年02月04日15時52分38秒","2013年02月04日15時52分52秒","0","0","32"
"登録外","2013年02月04日15時52分52秒","2013年02月04日15時52分56秒","0","0","0"
"登録外","2013年02月04日15時52分56秒","2013年02月04日15時53分08秒","0","0","2"
"登録外","2013年02月04日15時53分08秒","2013年02月04日15時53分56秒","0","0","0"
"登録外","2013年02月04日15時53分56秒","2013年02月04日15時54分19秒","0","0","0"
"登録外","2013年02月04日15時54分19秒","2013年02月04日15時54分47秒","0","0","0"
"登録外","2013年02月04日15時54分47秒","2013年02月04日15時55分06秒","0","0","25"
"登録外","2013年02月04日15時55分06秒","2013年02月04日15時55分48秒","0","0","18"
"登録外","2013年02月04日15時55分48秒","2013年02月04日15時55分54秒","0","0","0"
"登録外","2013年02月04日15時55分54秒","2013年02月04日15時55分57秒","0","0","0"
"登録外","2013年02月04日15時55分57秒","2013年02月04日15時56分03秒","0","0","0"
"登録外","2013年02月04日15時56分03秒","2013年02月04日15時56分04秒","0","0","0"
"登録外","2013年02月04日15時56分04秒","2013年02月04日15時56分13秒","0","0","0"
"登録外","2013年02月04日15時56分13秒","2013年02月04日15時56分16秒","0","0","0"
"登録外","2013年02月04日15時56分16秒","2013年02月04日15時56分21秒","0","0","0"
"登録外","2013年02月04日15時56分21秒","2013年02月04日15時56分24秒","0","0","0"
"登録外","2013年02月04日15時56分24秒","2013年02月04日15時56分25秒","0","0","0"
"登録外","2013年02月04日15時56分25秒","2013年02月04日15時56分26秒","0","0","0"
"登録外","2013年02月04日15時56分26秒","2013年02月04日15時56分28秒","0","0","0"
"登録外","2013年02月04日15時56分28秒","2013年02月04日15時56分29秒","0","0","0"
"登録外","2013年02月04日15時56分29秒","2013年02月04日15時56分31秒","0","0","0"
"登録外","2013年02月04日15時56分31秒","2013年02月04日15時56分35秒","0","0","0"
"登録外","2013年02月04日15時56分35秒","2013年02月04日15時56分36秒","0","0","0"
"登録外","2013年02月04日15時56分36秒","2013年02月04日15時56分38秒","0","0","0"
"登録外","2013年02月04日15時56分38秒","2013年02月04日15時56分39秒","0","0","0"
"登録外","2013年02月04日15時56分39秒","2013年02月04日15時56分40秒","0","0","0"
"登録外","2013年02月04日15時56分40秒","2013年02月04日15時56分41秒","0","0","0"
"登録外","2013年02月04日15時56分41秒","2013年02月04日15時56分47秒","0","0","0"
"登録外","2013年02月04日15時56分47秒","2013年02月04日15時56分57秒","0","0","0"
"登録外","2013年02月04日15時56分57秒","2013年02月04日15時56分59秒","0","0","0"
"登録外","2013年02月04日15時56分59秒","2013年02月04日15時57分01秒","0","0","0"
"登録外","2013年02月04日15時57分01秒","2013年02月04日15時57分02秒","0","0","0"
"登録外","2013年02月04日15時57分02秒","2013年02月04日15時57分05秒","0","0","0"
"登録外","2013年02月04日15時57分05秒","2013年02月04日15時57分06秒","0","0","0"
"登録外","2013年02月04日15時57分07秒","2013年02月04日15時57分27秒","0","0","72"
"登録外","2013年02月04日15時57分27秒","2013年02月04日15時57分32秒","0","0","0"
"登録外","2013年02月04日15時57分32秒","2013年02月04日15時57分33秒","0","0","0"
"登録外","2013年02月04日15時57分33秒","2013年02月04日15時57分36秒","0","0","0"
"登録外","2013年02月04日15時57分36秒","2013年02月04日15時57分38秒","0","0","0"
"登録外","2013年02月04日15時57分38秒","2013年02月04日15時57分40秒","0","0","0"
"登録外","2013年02月04日15時57分40秒","2013年02月04日15時57分56秒","0","0","52"
"登録外","2013年02月04日15時57分56秒","2013年02月04日15時58分00秒","0","0","0"
"登録外","2013年02月04日15時58分00秒","2013年02月04日15時58分05秒","0","0","0"
"登録外","2013年02月04日15時58分05秒","2013年02月04日15時58分11秒","0","0","0"
"登録外","2013年02月04日15時58分11秒","2013年02月04日15時58分15秒","0","0","0"
"登録外","2013年02月04日15時58分15秒","2013年02月04日15時58分18秒","0","0","0"
"登録外","2013年02月04日15時58分18秒","2013年02月04日15時58分21秒","0","0","0"
"登録外","2013年02月04日15時58分21秒","2013年02月04日15時58分25秒","0","0","0"
"登録外","2013年02月04日15時58分25秒","2013年02月04日15時58分28秒","0","0","0"
"登録外","2013年02月04日15時58分28秒","2013年02月04日15時58分35秒","0","0","0"
"登録外","2013年02月04日15時58分35秒","2013年02月04日15時58分45秒","0","0","0"
"登録外","2013年02月04日15時58分45秒","2013年02月04日15時58分54秒","0","0","0"
"登録外","2013年02月04日15時58分54秒","2013年02月04日15時58分59秒","0","0","0"
"登録外","2013年02月04日15時58分59秒","2013年02月04日15時59分03秒","0","0","0"
"登録外","2013年02月04日15時59分03秒","2013年02月04日15時59分04秒","0","0","0"
"登録外","2013年02月04日15時59分04秒","2013年02月04日15時59分10秒","0","0","0"
"登録外","2013年02月04日15時59分10秒","2013年02月04日15時59分18秒","0","0","0"
"登録外","2013年02月04日15時59分18秒","2013年02月04日15時59分22秒","0","0","0"
"登録外","2013年02月04日15時59分22秒","2013年02月04日15時59分26秒","0","0","0"
"登録外","2013年02月04日15時59分26秒","2013年02月04日15時59分27秒","0","0","0"
"登録外","2013年02月04日15時59分27秒","2013年02月04日15時59分31秒","0","0","0"
"登録外","2013年02月04日15時59分31秒","2013年02月04日15時59分34秒","0","0","0"
"登録外","2013年02月04日15時59分34秒","2013年02月04日15時59分38秒","0","0","0"
"登録外","2013年02月04日15時59分38秒","2013年02月04日15時59分43秒","0","0","0"
"登録外","2013年02月04日15時59分43秒","2013年02月04日15時59分53秒","0","0","0"
"登録外","2013年02月04日15時59分53秒","2013年02月04日16時00分06秒","0","0","0"
"登録外","2013年02月04日16時00分06秒","2013年02月04日16時00分08秒","0","0","0"
"登録外","2013年02月04日16時00分08秒","2013年02月04日16時00分09秒","0","0","0"
"登録外","2013年02月04日16時00分09秒","2013年02月04日16時00分48秒","0","0","0"
"登録外","2013年02月04日16時00分48秒","2013年02月04日16時00分57秒","0","0","8"
"登録外","2013年02月04日16時00分57秒","2013年02月04日16時01分00秒","0","0","0"
"登録外","2013年02月04日16時01分00秒","2013年02月04日16時01分14秒","0","0","5"
"登録外","2013年02月04日16時01分14秒","2013年02月04日16時01分23秒","0","0","0"
"登録外","2013年02月04日16時01分23秒","2013年02月04日16時01分29秒","0","0","0"
"登録外","2013年02月04日16時01分29秒","2013年02月04日16時01分31秒","0","0","0"
"登録外","2013年02月04日16時01分31秒","2013年02月04日16時01分34秒","0","0","0"
"登録外","2013年02月04日16時01分34秒","2013年02月04日16時01分36秒","0","0","0"
"登録外","2013年02月04日16時01分36秒","2013年02月04日16時01分38秒","0","0","0"
"登録外","2013年02月04日16時01分38秒","2013年02月04日16時01分41秒","0","0","3"
"登録外","2013年02月04日16時01分43秒","2013年02月04日16時01分46秒","0","0","2"
"登録外","2013年02月04日16時01分46秒","2013年02月04日16時01分48秒","0","0","0"
"登録外","2013年02月04日16時01分48秒","2013年02月04日16時02分02秒","0","0","0"
"登録外","2013年02月04日16時02分02秒","2013年02月04日16時02分04秒","0","0","0"
"登録外","2013年02月04日16時02分04秒","2013年02月04日16時02分07秒","0","0","0"
"登録外","2013年02月04日16時02分07秒","2013年02月04日16時02分10秒","0","0","0"
"登録外","2013年02月04日16時02分10秒","2013年02月04日16時02分16秒","0","0","0"
"登録外","2013年02月04日16時02分16秒","2013年02月04日16時02分17秒","0","0","0"
"登録外","2013年02月04日16時02分17秒","2013年02月04日16時02分18秒","0","0","0"
"登録外","2013年02月04日16時02分18秒","2013年02月04日16時02分21秒","0","0","0"
"登録外","2013年02月04日16時02分21秒","2013年02月04日16時02分22秒","0","0","0"
"エクセル","2013年02月04日16時02分22秒","2013年02月04日16時03分13秒","0","0","0"
"登録外","2013年02月04日16時03分13秒","2013年02月04日16時03分21秒","0","0","0"
"登録外","2013年02月04日16時03分21秒","2013年02月04日16時03分25秒","0","0","1"
"登録外","2013年02月04日16時03分25秒","2013年02月04日16時03分26秒","0","0","1"
"登録外","2013年02月04日16時03分26秒","2013年02月04日16時03分29秒","0","0","2"
"登録外","2013年02月04日16時03分29秒","2013年02月04日16時03分30秒","0","0","1"
"登録外","2013年02月04日16時03分30秒","2013年02月04日16時03分34秒","0","0","0"
"登録外","2013年02月04日16時03分34秒","2013年02月04日16時03分35秒","0","0","1"
"登録外","2013年02月04日16時03分35秒","2013年02月04日16時03分40秒","0","0","0"
"登録外","2013年02月04日16時03分40秒","2013年02月04日16時03分41秒","0","0","0"
"登録外","2013年02月04日16時03分41秒","2013年02月04日16時03分43秒","0","0","0"
"登録外","2013年02月04日16時03分43秒","2013年02月04日16時03分44秒","0","0","0"
"登録外","2013年02月04日16時03分44秒","2013年02月04日16時03分49秒","0","0","0"
"登録外","2013年02月04日16時03分49秒","2013年02月04日16時04分06秒","0","0","0"
"登録外","2013年02月04日16時04分06秒","2013年02月04日16時04分08秒","0","0","0"
"登録外","2013年02月04日16時04分08秒","2013年02月04日16時04分17秒","0","0","0"
"登録外","2013年02月04日16時04分17秒","2013年02月04日16時04分21秒","0","0","0"
"登録外","2013年02月04日16時04分21秒","2013年02月04日16時04分30秒","0","0","0"
"登録外","2013年02月04日16時04分30秒","2013年02月04日16時04分39秒","0","0","0"
"登録外","2013年02月04日16時04分39秒","2013年02月04日16時04分40秒","0","0","0"
"登録外","2013年02月04日16時04分40秒","2013年02月04日16時04分42秒","0","0","0"
"登録外","2013年02月04日16時04分42秒","2013年02月04日16時04分45秒","0","0","0"
"登録外","2013年02月04日16時04分45秒","2013年02月04日16時04分48秒","0","0","0"
"登録外","2013年02月04日16時04分48秒","2013年02月04日16時04分50秒","0","0","0"
"登録外","2013年02月04日16時04分50秒","2013年02月04日16時05分01秒","0","0","0"
"登録外","2013年02月04日16時05分01秒","2013年02月04日16時05分06秒","0","0","0"
"登録外","2013年02月04日16時05分06秒","2013年02月04日16時05分26秒","0","0","0"
"エクセル","2013年02月04日16時05分26秒","2013年02月04日16時05分31秒","0","0","0"
"登録外","2013年02月04日16時05分31秒","2013年02月04日16時05分53秒","0","0","0"
"エクセル","2013年02月04日16時05分53秒","2013年02月04日16時06分22秒","0","0","0"
"登録外","2013年02月04日16時06分22秒","2013年02月04日16時06分23秒","0","0","0"
"登録外","2013年02月04日16時06分24秒","2013年02月04日16時06分28秒","0","0","0"
"登録外","2013年02月04日16時06分28秒","2013年02月04日16時06分33秒","0","0","0"
"登録外","2013年02月04日16時06分33秒","2013年02月04日16時06分36秒","0","0","0"
"登録外","2013年02月04日16時11分21秒","2013年02月04日16時11分23秒","0","0","2"
"登録外","2013年02月04日16時11分23秒","2013年02月04日16時11分25秒","0","0","2"
"登録外","2013年02月04日16時11分25秒","2013年02月04日16時11分26秒","0","0","0"
"登録外","2013年02月04日16時11分26秒","2013年02月04日16時11分27秒","0","0","0"
"登録外","2013年02月04日16時11分27秒","2013年02月04日16時12分00秒","0","0","0"
"登録外","2013年02月04日16時12分00秒","2013年02月04日16時12分03秒","0","0","0"
"登録外","2013年02月04日16時12分03秒","2013年02月04日16時12分05秒","0","0","0"
"登録外","2013年02月04日16時12分05秒","2013年02月04日16時12分17秒","0","0","4"
"登録外","2013年02月04日16時12分17秒","2013年02月04日16時12分19秒","0","0","0"
"登録外","2013年02月04日16時12分19秒","2013年02月04日16時13分33秒","0","0","27"
"登録外","2013年02月04日16時13分33秒","2013年02月04日16時13分38秒","0","0","0"
"登録外","2013年02月04日16時13分38秒","2013年02月04日16時13分46秒","0","0","0"
"登録外","2013年02月04日16時13分46秒","2013年02月04日16時13分49秒","0","0","0"
"登録外","2013年02月04日16時13分49秒","2013年02月04日16時13分56秒","0","0","0"
"登録外","2013年02月04日16時13分56秒","2013年02月04日16時13分57秒","0","0","0"
"登録外","2013年02月04日16時13分57秒","2013年02月04日16時13分59秒","0","0","0"
"登録外","2013年02月04日16時13分59秒","2013年02月04日16時14分05秒","0","0","0"
"登録外","2013年02月04日16時14分06秒","2013年02月04日16時14分19秒","0","0","39"
"登録外","2013年02月04日16時14分19秒","2013年02月04日16時14分29秒","0","0","0"
"登録外","2013年02月04日16時14分29秒","2013年02月04日16時14分30秒","0","0","0"
"登録外","2013年02月04日16時14分30秒","2013年02月04日16時14分47秒","0","0","0"
"登録外","2013年02月04日16時14分47秒","2013年02月04日16時14分49秒","0","0","0"
"登録外","2013年02月04日16時14分50秒","2013年02月04日16時15分03秒","0","0","0"
"登録外","2013年02月04日16時15分03秒","2013年02月04日16時15分06秒","0","0","0"
"登録外","2013年02月04日16時15分06秒","2013年02月04日16時15分07秒","0","0","0"
"登録外","2013年02月04日16時15分07秒","2013年02月04日16時15分20秒","0","0","2"
"登録外","2013年02月04日16時15分20秒","2013年02月04日16時15分21秒","0","0","2"
"登録外","2013年02月04日16時15分21秒","2013年02月04日16時15分57秒","0","0","0"
"登録外","2013年02月04日16時15分57秒","2013年02月04日16時16分05秒","0","0","0"
"登録外","2013年02月04日16時16分05秒","2013年02月04日16時16分14秒","0","0","0"
"登録外","2013年02月04日16時16分14秒","2013年02月04日16時16分17秒","0","0","0"
"登録外","2013年02月04日16時16分17秒","2013年02月04日16時16分27秒","0","0","2"
"登録外","2013年02月04日16時16分27秒","2013年02月04日16時16分32秒","0","0","2"
"ファイル操作","2013年02月04日16時16分32秒","2013年02月04日16時16分55秒","0","0","0"
"ファイル操作","2013年02月04日16時16分55秒","2013年02月04日16時16分56秒","0","0","0"
"ファイル操作","2013年02月04日16時16分56秒","2013年02月04日16時17分00秒","0","0","0"
"ファイル操作","2013年02月04日16時17分00秒","2013年02月04日16時17分36秒","0","0","0"
"ファイル操作","2013年02月04日16時17分36秒","2013年02月04日16時17分37秒","0","0","0"
"登録外","2013年02月04日16時17分37秒","2013年02月04日16時17分44秒","0","0","0"
"登録外","2013年02月04日16時17分44秒","2013年02月04日16時17分51秒","0","0","0"
"ファイル操作","2013年02月04日16時17分51秒","2013年02月04日16時17分52秒","0","0","0"
"登録外","2013年02月04日16時17分52秒","2013年02月04日16時17分54秒","0","0","0"
"エクセル","2013年02月04日16時18分00秒","2013年02月04日16時18分08秒","0","0","0"
"登録外","2013年02月04日16時18分08秒","2013年02月04日16時18分28秒","0","0","0"
"登録外","2013年02月04日16時18分28秒","2013年02月04日16時18分31秒","0","0","0"
"登録外","2013年02月04日16時18分31秒","2013年02月04日16時18分33秒","0","0","0"
"登録外","2013年02月04日16時18分33秒","2013年02月04日16時18分37秒","0","0","0"
"登録外","2013年02月04日16時18分37秒","2013年02月04日16時18分38秒","0","0","0"
"登録外","2013年02月04日16時18分38秒","2013年02月04日16時18分44秒","0","0","0"
"登録外","2013年02月04日16時18分44秒","2013年02月04日16時18分45秒","0","0","0"
"登録外","2013年02月04日16時18分45秒","2013年02月04日16時18分46秒","0","0","0"
"登録外","2013年02月04日16時18分46秒","2013年02月04日16時18分48秒","0","0","0"
"登録外","2013年02月04日16時18分48秒","2013年02月04日16時18分49秒","0","0","0"
"登録外","2013年02月04日16時18分49秒","2013年02月04日16時18分50秒","0","0","0"
"登録外","2013年02月04日16時18分50秒","2013年02月04日16時18分52秒","0","0","0"
"登録外","2013年02月04日16時18分52秒","2013年02月04日16時18分53秒","0","0","0"
"登録外","2013年02月04日16時18分53秒","2013年02月04日16時18分58秒","0","0","0"
"登録外","2013年02月04日16時18分58秒","2013年02月04日16時19分06秒","0","0","4"
"登録外","2013年02月04日16時19分06秒","2013年02月04日16時19分08秒","0","0","0"
"ファイル操作","2013年02月04日16時19分08秒","2013年02月04日16時19分10秒","0","0","0"
"ファイル操作","2013年02月04日16時19分10秒","2013年02月04日16時19分18秒","0","0","0"
"ファイル操作","2013年02月04日16時19分18秒","2013年02月04日16時19分26秒","0","0","0"
"ファイル操作","2013年02月04日16時19分26秒","2013年02月04日16時19分29秒","0","0","0"
"ファイル操作","2013年02月04日16時19分29秒","2013年02月04日16時19分46秒","0","0","0"
"ファイル操作","2013年02月04日16時19分46秒","2013年02月04日16時19分48秒","0","0","0"
"ファイル操作","2013年02月04日16時19分48秒","2013年02月04日16時19分56秒","0","0","0"
"ファイル操作","2013年02月04日16時19分56秒","2013年02月04日16時19分58秒","0","0","0"
"ファイル操作","2013年02月04日16時19分58秒","2013年02月04日16時20分04秒","0","0","0"
"エクセル","2013年02月04日16時20分05秒","2013年02月04日16時20分07秒","0","0","0"
"エクセル","2013年02月04日16時20分07秒","2013年02月04日16時20分09秒","0","0","0"
"ファイル操作","2013年02月04日16時20分09秒","2013年02月04日16時20分20秒","0","0","0"
"エクセル","2013年02月04日16時20分20秒","2013年02月04日16時20分44秒","0","0","0"
"登録外","2013年02月04日16時20分45秒","2013年02月04日16時20分48秒","0","0","3"
"登録外","2013年02月04日16時23分26秒","2013年02月04日16時23分34秒","0","0","0"
"エクセル","2013年02月04日16時23分34秒","2013年02月04日16時23分47秒","0","0","0"
"登録外","2013年02月04日16時23分47秒","2013年02月04日16時23分48秒","0","0","0"
"エクセル","2013年02月04日16時24分40秒","2013年02月04日16時24分56秒","0","0","2"
"登録外","2013年02月04日16時24分56秒","2013年02月04日16時25分07秒","0","0","0"
"登録外","2013年02月04日16時25分07秒","2013年02月04日16時25分17秒","0","0","0"
"エクセル","2013年02月04日16時25分17秒","2013年02月04日16時25分32秒","0","0","0"
"登録外","2013年02月04日16時25分32秒","2013年02月04日16時25分35秒","0","0","0"
"登録外","2013年02月04日16時25分36秒","2013年02月04日16時25分37秒","0","0","0"
"登録外","2013年02月04日16時25分37秒","2013年02月04日16時25分39秒","0","0","0"
"登録外","2013年02月04日16時25分39秒","2013年02月04日16時25分42秒","0","0","0"
"登録外","2013年02月04日16時25分42秒","2013年02月04日16時25分43秒","0","0","0"
"登録外","2013年02月04日16時25分43秒","2013年02月04日16時25分45秒","0","0","0"
"ファイル操作","2013年02月04日16時25分45秒","2013年02月04日16時25分46秒","0","0","0"
"ファイル操作","2013年02月04日16時25分46秒","2013年02月04日16時25分50秒","0","0","0"
"登録外","2013年02月04日16時25分50秒","2013年02月04日16時25分53秒","0","0","0"
"登録外","2013年02月04日16時25分53秒","2013年02月04日16時26分02秒","0","0","23"
"登録外","2013年02月04日16時26分02秒","2013年02月04日16時26分03秒","0","0","0"
"登録外","2013年02月04日16時26分03秒","2013年02月04日16時26分10秒","0","0","0"
"登録外","2013年02月04日16時26分10秒","2013年02月04日16時26分19秒","0","0","0"
"登録外","2013年02月04日16時26分19秒","2013年02月04日16時26分27秒","0","0","0"
"登録外","2013年02月04日16時26分27秒","2013年02月04日16時26分29秒","0","0","0"
"登録外","2013年02月04日16時26分29秒","2013年02月04日16時26分53秒","0","0","0"
"エクセル","2013年02月04日16時26分53秒","2013年02月04日16時27分05秒","0","0","1"
"登録外","2013年02月04日16時27分06秒","2013年02月04日16時27分14秒","0","0","22"
"エクセル","2013年02月04日16時27分14秒","2013年02月04日16時27分50秒","0","0","1"
"登録外","2013年02月04日16時27分50秒","2013年02月04日16時27分55秒","0","0","0"
"登録外","2013年02月04日16時27分55秒","2013年02月04日16時27分56秒","0","0","0"
"登録外","2013年02月04日16時27分56秒","2013年02月04日16時28分16秒","0","0","0"
"登録外","2013年02月04日16時28分16秒","2013年02月04日16時28分18秒","0","0","0"
"登録外","2013年02月04日16時28分18秒","2013年02月04日16時28分34秒","0","0","0"
"エクセル","2013年02月04日16時28分34秒","2013年02月04日16時28分57秒","0","0","1"
"登録外","2013年02月04日16時28分57秒","2013年02月04日16時29分12秒","0","0","0"
"登録外","2013年02月04日16時29分12秒","2013年02月04日16時29分14秒","0","0","2"
"登録外","2013年02月04日16時29分14秒","2013年02月04日16時29分15秒","0","0","1"
"登録外","2013年02月04日16時29分15秒","2013年02月04日16時29分18秒","0","0","0"
"登録外","2013年02月04日16時29分18秒","2013年02月04日16時29分20秒","0","0","0"
"登録外","2013年02月04日16時29分20秒","2013年02月04日16時29分31秒","0","0","33"
"登録外","2013年02月04日16時29分31秒","2013年02月04日16時30分02秒","0","0","0"
"登録外","2013年02月04日16時30分02秒","2013年02月04日16時30分08秒","0","0","0"
"登録外","2013年02月04日16時30分08秒","2013年02月04日16時30分09秒","0","0","0"
"登録外","2013年02月04日16時30分09秒","2013年02月04日16時30分11秒","0","0","0"
"登録外","2013年02月04日16時30分11秒","2013年02月04日16時30分17秒","0","0","0"
"登録外","2013年02月04日16時30分17秒","2013年02月04日16時30分22秒","0","0","0"
"登録外","2013年02月04日16時30分22秒","2013年02月04日16時30分23秒","0","0","0"
"登録外","2013年02月04日16時30分23秒","2013年02月04日16時30分25秒","0","0","0"
"登録外","2013年02月04日16時30分25秒","2013年02月04日16時30分38秒","0","0","0"
"登録外","2013年02月04日16時30分38秒","2013年02月04日16時30分41秒","0","0","0"
"登録外","2013年02月04日16時30分41秒","2013年02月04日16時30分55秒","0","0","0"
"登録外","2013年02月04日16時30分55秒","2013年02月04日16時30分56秒","0","0","0"
"登録外","2013年02月04日16時30分56秒","2013年02月04日16時31分07秒","0","0","0"
"登録外","2013年02月04日16時31分07秒","2013年02月04日16時31分23秒","0","0","0"
"登録外","2013年02月04日16時31分23秒","2013年02月04日16時31分26秒","0","0","0"
"登録外","2013年02月04日16時31分26秒","2013年02月04日16時31分27秒","0","0","0"
"登録外","2013年02月04日16時31分27秒","2013年02月04日16時31分30秒","0","0","0"
"ファイル操作","2013年02月04日16時31分30秒","2013年02月04日16時31分34秒","0","0","0"
"ファイル操作","2013年02月04日16時31分34秒","2013年02月04日16時31分38秒","0","0","0"
"エクセル","2013年02月04日16時31分38秒","2013年02月04日16時31分40秒","0","0","0"
"登録外","2013年02月04日16時31分40秒","2013年02月04日16時31分43秒","0","0","8"
"登録外","2013年02月04日16時31分43秒","2013年02月04日16時31分45秒","0","0","0"
"登録外","2013年02月04日16時31分45秒","2013年02月04日16時32分15秒","0","0","0"
"登録外","2013年02月04日16時32分15秒","2013年02月04日16時32分19秒","0","0","0"
"登録外","2013年02月04日16時32分19秒","2013年02月04日16時32分23秒","0","0","0"
"登録外","2013年02月04日16時32分23秒","2013年02月04日16時32分27秒","0","0","0"
"登録外","2013年02月04日16時32分27秒","2013年02月04日16時32分30秒","0","0","0"
"登録外","2013年02月04日16時32分30秒","2013年02月04日16時32分44秒","0","0","0"
"登録外","2013年02月04日16時32分44秒","2013年02月04日16時32分46秒","0","0","0"
"登録外","2013年02月04日16時32分46秒","2013年02月04日16時32分48秒","0","0","0"
"登録外","2013年02月04日16時32分48秒","2013年02月04日16時32分50秒","0","0","0"
"登録外","2013年02月04日16時32分50秒","2013年02月04日16時32分52秒","0","0","0"
"登録外","2013年02月04日16時32分52秒","2013年02月04日16時32分55秒","0","0","0"
"登録外","2013年02月04日16時32分55秒","2013年02月04日16時33分12秒","0","0","0"
"登録外","2013年02月04日16時33分12秒","2013年02月04日16時33分14秒","0","0","0"
"登録外","2013年02月04日16時33分14秒","2013年02月04日16時33分20秒","0","0","0"
"登録外","2013年02月04日16時33分20秒","2013年02月04日16時33分29秒","0","0","0"
"ファイル操作","2013年02月04日16時33分29秒","2013年02月04日16時33分33秒","0","0","0"
"エクセル","2013年02月04日16時33分33秒","2013年02月04日16時34分19秒","0","0","0"
"登録外","2013年02月04日16時34分19秒","2013年02月04日16時34分20秒","0","0","0"
"エクセル","2013年02月04日16時34分20秒","2013年02月04日16時34分24秒","0","0","0"
"登録外","2013年02月04日16時34分24秒","2013年02月04日16時34分26秒","0","0","0"
"登録外","2013年02月04日16時34分26秒","2013年02月04日16時34分31秒","0","0","9"
"登録外","2013年02月04日16時34分31秒","2013年02月04日16時34分33秒","0","0","0"
"登録外","2013年02月04日16時34分33秒","2013年02月04日16時34分39秒","0","0","0"
"登録外","2013年02月04日16時34分39秒","2013年02月04日16時34分45秒","0","0","0"
"登録外","2013年02月04日16時34分45秒","2013年02月04日16時34分46秒","0","0","0"
"登録外","2013年02月04日16時34分46秒","2013年02月04日16時34分56秒","0","0","0"
"登録外","2013年02月04日16時34分56秒","2013年02月04日16時35分08秒","0","0","51"
"登録外","2013年02月04日16時35分08秒","2013年02月04日16時35分35秒","0","0","78"
"登録外","2013年02月04日16時35分35秒","2013年02月04日16時35分53秒","0","0","0"
"登録外","2013年02月04日16時35分53秒","2013年02月04日16時36分18秒","0","0","0"
"エクセル","2013年02月04日16時36分18秒","2013年02月04日16時36分35秒","0","0","2"
"登録外","2013年02月04日16時36分35秒","2013年02月04日16時36分38秒","0","0","0"
"ファイル操作","2013年02月04日16時36分38秒","2013年02月04日16時36分57秒","0","0","5"
"エクセル","2013年02月04日16時36分57秒","2013年02月04日16時36分58秒","0","0","0"
"ブラウザ","2013年02月04日16時36分58秒","2013年02月04日16時37分02秒","0","0","0"
"ブラウザ","2013年02月04日16時37分02秒","2013年02月04日16時37分06秒","0","0","0"
"エクセル","2013年02月04日16時37分06秒","2013年02月04日16時37分35秒","0","0","18"
"ファイル操作","2013年02月04日16時37分35秒","2013年02月04日16時37分37秒","0","0","2"
"エクセル","2013年02月04日16時37分37秒","2013年02月04日16時37分46秒","0","0","2"
"ブラウザ","2013年02月04日16時37分46秒","2013年02月04日16時38分04秒","0","0","4"
"エクセル","2013年02月04日16時38分04秒","2013年02月04日16時38分36秒","0","0","11"
"メール","2013年02月04日16時38分36秒","2013年02月04日16時38分44秒","0","0","0"
"エクセル","2013年02月04日16時38分44秒","2013年02月04日16時39分04秒","0","0","9"
"ブラウザ","2013年02月04日16時39分04秒","2013年02月04日16時39分09秒","0","0","0"
"エクセル","2013年02月04日16時39分09秒","2013年02月04日16時39分10秒","0","0","0"
"登録外","2013年02月04日16時39分11秒","2013年02月04日16時39分19秒","0","0","0"
"エクセル","2013年02月04日16時39分19秒","2013年02月04日16時40分04秒","0","0","0"
"登録外","2013年02月04日16時40分04秒","2013年02月04日16時40分09秒","0","0","0"
"登録外","2013年02月04日16時40分09秒","2013年02月04日16時40分10秒","0","0","0"
"登録外","2013年02月04日16時40分10秒","2013年02月04日16時40分11秒","0","0","0"
"登録外","2013年02月04日16時40分11秒","2013年02月04日16時40分15秒","0","0","0"
"登録外","2013年02月04日16時40分15秒","2013年02月04日16時40分19秒","0","0","0"
"登録外","2013年02月04日16時40分19秒","2013年02月04日16時40分20秒","0","0","0"
"登録外","2013年02月04日16時40分20秒","2013年02月04日16時40分21秒","0","0","0"
"ファイル操作","2013年02月04日16時40分21秒","2013年02月04日16時40分25秒","0","0","2"
"エクセル","2013年02月04日16時40分25秒","2013年02月04日16時40分51秒","0","0","0"
"登録外","2013年02月04日16時40分51秒","2013年02月04日16時40分59秒","0","0","0"
"エクセル","2013年02月04日16時40分59秒","2013年02月04日16時41分40秒","0","0","0"
"登録外","2013年02月04日16時41分40秒","2013年02月04日16時41分42秒","0","0","0"
"エクセル","2013年02月04日16時41分42秒","2013年02月04日16時41分46秒","0","0","0"
"ブラウザ","2013年02月04日16時41分46秒","2013年02月04日16時41分48秒","0","0","1"
"登録外","2013年02月04日16時41分48秒","2013年02月04日16時41分49秒","0","0","1"
"ブラウザ","2013年02月04日16時41分49秒","2013年02月04日16時41分54秒","0","0","0"
"ファイル操作","2013年02月04日16時41分54秒","2013年02月04日16時41分55秒","0","0","0"
"登録外","2013年02月04日16時41分55秒","2013年02月04日16時42分09秒","0","0","36"
"エクセル","2013年02月04日16時42分09秒","2013年02月04日16時42分12秒","0","0","0"
"ブラウザ","2013年02月04日16時42分12秒","2013年02月04日16時42分20秒","0","0","1"
"ブラウザ","2013年02月04日16時42分20秒","2013年02月04日16時42分43秒","0","0","0"
"ファイル操作","2013年02月04日16時42分43秒","2013年02月04日16時42分44秒","0","0","0"
"ブラウザ","2013年02月04日16時42分44秒","2013年02月04日16時42分45秒","0","0","0"
"ブラウザ","2013年02月04日16時42分45秒","2013年02月04日16時42分48秒","0","0","0"
"ファイル操作","2013年02月04日16時42分48秒","2013年02月04日16時42分56秒","0","0","12"
"ファイル操作","2013年02月04日16時42分56秒","2013年02月04日16時42分57秒","0","0","0"
"ファイル操作","2013年02月04日16時42分57秒","2013年02月04日16時43分00秒","0","0","0"
"ファイル操作","2013年02月04日16時43分00秒","2013年02月04日16時43分01秒","0","0","0"
"ファイル操作","2013年02月04日16時43分01秒","2013年02月04日16時43分17秒","0","0","0"
"ブラウザ","2013年02月04日16時43分17秒","2013年02月04日16時43分19秒","0","0","0"
"ファイル操作","2013年02月04日16時43分19秒","2013年02月04日16時43分32秒","0","0","0"
"ブラウザ","2013年02月04日16時43分32秒","2013年02月04日16時43分34秒","0","0","0"
"登録外","2013年02月04日16時43分34秒","2013年02月04日16時43分38秒","0","0","0"
"登録外","2013年02月04日16時43分38秒","2013年02月04日16時43分49秒","0","0","0"
"エクセル","2013年02月04日16時43分49秒","2013年02月04日16時43分50秒","0","0","0"
"登録外","2013年02月04日16時43分50秒","2013年02月04日16時43分52秒","0","0","0"
"ファイル操作","2013年02月04日16時43分52秒","2013年02月04日16時43分53秒","0","0","0"
"登録外","2013年02月04日16時43分53秒","2013年02月04日16時43分56秒","0","0","1"
"登録外","2013年02月04日16時43分56秒","2013年02月04日16時44分36秒","0","0","20"
"登録外","2013年02月04日16時44分36秒","2013年02月04日16時44分38秒","0","0","0"
"登録外","2013年02月04日16時44分38秒","2013年02月04日16時44分40秒","0","0","0"
"登録外","2013年02月04日16時44分40秒","2013年02月04日16時45分09秒","0","0","0"
"登録外","2013年02月04日16時45分09秒","2013年02月04日16時45分10秒","0","0","0"
"登録外","2013年02月04日16時45分10秒","2013年02月04日16時45分14秒","0","0","2"
"登録外","2013年02月04日16時45分14秒","2013年02月04日16時45分17秒","0","0","0"
"登録外","2013年02月04日16時45分17秒","2013年02月04日16時45分18秒","0","0","0"
"登録外","2013年02月04日16時45分18秒","2013年02月04日16時45分20秒","0","0","0"
"登録外","2013年02月04日16時45分20秒","2013年02月04日16時45分22秒","0","0","0"
"登録外","2013年02月04日16時45分22秒","2013年02月04日16時45分25秒","0","0","0"
"登録外","2013年02月04日16時45分25秒","2013年02月04日16時45分29秒","0","0","0"
"登録外","2013年02月04日16時45分29秒","2013年02月04日16時45分36秒","0","0","0"
"登録外","2013年02月04日16時45分36秒","2013年02月04日16時45分43秒","0","0","0"
"登録外","2013年02月04日16時45分43秒","2013年02月04日16時45分58秒","0","0","0"
"登録外","2013年02月04日16時45分58秒","2013年02月04日16時46分03秒","0","0","0"
"登録外","2013年02月04日16時46分03秒","2013年02月04日16時46分07秒","0","0","0"
"登録外","2013年02月04日16時46分07秒","2013年02月04日16時46分19秒","0","0","0"
"登録外","2013年02月04日16時46分19秒","2013年02月04日16時46分28秒","0","0","0"
"登録外","2013年02月04日16時46分28秒","2013年02月04日16時46分40秒","0","0","0"
"登録外","2013年02月04日16時46分40秒","2013年02月04日16時46分41秒","0","0","0"
"登録外","2013年02月04日16時46分41秒","2013年02月04日16時46分47秒","0","0","0"
"ファイル操作","2013年02月04日16時46分47秒","2013年02月04日16時46分48秒","0","0","0"
"登録外","2013年02月04日16時46分48秒","2013年02月04日16時46分54秒","0","0","0"
"登録外","2013年02月04日16時46分54秒","2013年02月04日16時46分55秒","0","0","0"
"登録外","2013年02月04日16時46分55秒","2013年02月04日16時46分56秒","0","0","0"
"登録外","2013年02月04日16時46分56秒","2013年02月04日16時46分59秒","0","0","0"
"登録外","2013年02月04日16時46分59秒","2013年02月04日16時47分01秒","0","0","0"
"登録外","2013年02月04日16時47分01秒","2013年02月04日16時47分03秒","0","0","0"
"登録外","2013年02月04日16時47分03秒","2013年02月04日16時47分04秒","0","0","0"
"登録外","2013年02月04日16時47分04秒","2013年02月04日16時47分06秒","0","0","0"
"登録外","2013年02月04日16時47分06秒","2013年02月04日16時47分07秒","0","0","0"
"登録外","2013年02月04日16時47分07秒","2013年02月04日16時47分09秒","0","0","0"
"登録外","2013年02月04日16時47分09秒","2013年02月04日16時47分11秒","0","0","0"
"登録外","2013年02月04日16時47分11秒","2013年02月04日16時47分14秒","0","0","0"
"登録外","2013年02月04日16時47分14秒","2013年02月04日16時47分15秒","0","0","0"
"登録外","2013年02月04日16時47分15秒","2013年02月04日16時47分22秒","0","0","0"
"登録外","2013年02月04日16時47分22秒","2013年02月04日16時47分33秒","0","0","19"
"登録外","2013年02月04日16時47分33秒","2013年02月04日16時47分36秒","0","0","0"
"登録外","2013年02月04日16時47分36秒","2013年02月04日16時47分41秒","0","0","0"
"登録外","2013年02月04日16時47分41秒","2013年02月04日16時47分48秒","0","0","0"
"登録外","2013年02月04日16時47分48秒","2013年02月04日16時47分53秒","0","0","0"
"登録外","2013年02月04日16時47分53秒","2013年02月04日16時47分55秒","0","0","0"
"登録外","2013年02月04日16時47分55秒","2013年02月04日16時47分57秒","0","0","0"
"登録外","2013年02月04日16時47分57秒","2013年02月04日16時48分00秒","0","0","1"
"登録外","2013年02月04日16時48分00秒","2013年02月04日16時48分02秒","0","0","2"
"ブラウザ","2013年02月04日16時48分02秒","2013年02月04日16時48分03秒","0","0","0"
"ファイル操作","2013年02月04日16時48分03秒","2013年02月04日16時48分04秒","0","0","0"
"エクセル","2013年02月04日16時48分04秒","2013年02月04日16時48分14秒","0","0","0"
"ファイル操作","2013年02月04日16時48分14秒","2013年02月04日16時48分15秒","0","0","0"
"エクセル","2013年02月04日16時48分15秒","2013年02月04日16時48分29秒","0","0","0"
"ファイル操作","2013年02月04日16時48分29秒","2013年02月04日16時48分30秒","0","0","0"
"登録外","2013年02月04日16時48分30秒","2013年02月04日16時48分40秒","0","0","0"
"ファイル操作","2013年02月04日16時48分40秒","2013年02月04日16時48分45秒","0","0","0"
"登録外","2013年02月04日16時48分45秒","2013年02月04日16時48分46秒","0","0","0"
"登録外","2013年02月04日16時48分46秒","2013年02月04日16時48分47秒","0","0","0"
"登録外","2013年02月04日16時48分47秒","2013年02月04日16時48分52秒","0","0","0"
"登録外","2013年02月04日16時48分52秒","2013年02月04日16時48分56秒","0","0","0"
"登録外","2013年02月04日16時48分56秒","2013年02月04日16時48分59秒","0","0","0"
"登録外","2013年02月04日16時48分59秒","2013年02月04日16時49分11秒","0","0","0"
"エクセル","2013年02月04日16時49分11秒","2013年02月04日16時49分32秒","0","0","0"
"登録外","2013年02月04日16時49分32秒","2013年02月04日16時49分34秒","0","0","0"
"エクセル","2013年02月04日16時49分34秒","2013年02月04日16時49分42秒","0","0","0"
"登録外","2013年02月04日16時49分42秒","2013年02月04日16時49分52秒","0","0","0"
"登録外","2013年02月04日16時49分52秒","2013年02月04日16時50分08秒","0","0","0"
"登録外","2013年02月04日16時50分08秒","2013年02月04日16時50分10秒","0","0","0"
"登録外","2013年02月04日16時50分10秒","2013年02月04日16時50分16秒","0","0","0"
"登録外","2013年02月04日16時50分16秒","2013年02月04日16時50分19秒","0","0","0"
"登録外","2013年02月04日16時50分19秒","2013年02月04日16時50分21秒","0","0","0"
"登録外","2013年02月04日16時50分21秒","2013年02月04日16時50分25秒","0","0","0"
"登録外","2013年02月04日16時50分26秒","2013年02月04日16時50分30秒","0","0","0"
"登録外","2013年02月04日16時50分30秒","2013年02月04日16時50分42秒","0","0","31"
"登録外","2013年02月04日16時50分42秒","2013年02月04日16時50分47秒","0","0","0"
"登録外","2013年02月04日16時50分47秒","2013年02月04日16時50分56秒","0","0","0"
"登録外","2013年02月04日16時50分56秒","2013年02月04日16時50分59秒","0","0","0"
"登録外","2013年02月04日16時50分59秒","2013年02月04日16時51分04秒","0","0","0"
"登録外","2013年02月04日16時51分04秒","2013年02月04日16時51分22秒","0","0","0"
"登録外","2013年02月04日16時51分22秒","2013年02月04日16時51分33秒","0","0","0"
"登録外","2013年02月04日16時51分33秒","2013年02月04日16時51分38秒","0","0","0"
"登録外","2013年02月04日16時51分38秒","2013年02月04日16時51分42秒","0","0","0"
"登録外","2013年02月04日16時51分42秒","2013年02月04日16時51分54秒","0","0","0"
"登録外","2013年02月04日16時51分54秒","2013年02月04日16時51分55秒","0","0","0"
"登録外","2013年02月04日16時51分55秒","2013年02月04日16時52分08秒","0","0","0"
"登録外","2013年02月04日16時52分08秒","2013年02月04日16時52分37秒","0","0","0"
"登録外","2013年02月04日16時52分37秒","2013年02月04日16時52分38秒","0","0","0"
"登録外","2013年02月04日16時52分38秒","2013年02月04日16時53分02秒","0","0","0"
"登録外","2013年02月04日16時53分03秒","2013年02月04日16時53分31秒","0","0","1"
"登録外","2013年02月04日16時53分31秒","2013年02月04日16時53分38秒","0","0","0"
"登録外","2013年02月04日16時53分38秒","2013年02月04日16時53分39秒","0","0","0"
"登録外","2013年02月04日16時53分39秒","2013年02月04日16時53分50秒","0","0","0"
"登録外","2013年02月04日16時53分50秒","2013年02月04日16時53分53秒","0","0","0"
"登録外","2013年02月04日16時53分53秒","2013年02月04日16時53分54秒","0","0","0"
"登録外","2013年02月04日16時53分54秒","2013年02月04日16時54分03秒","0","0","0"
"登録外","2013年02月04日16時54分03秒","2013年02月04日16時54分07秒","0","0","0"
"登録外","2013年02月04日16時54分07秒","2013年02月04日16時54分10秒","0","0","0"
"登録外","2013年02月04日16時54分10秒","2013年02月04日16時55分10秒","0","0","0"
"登録外","2013年02月04日16時55分10秒","2013年02月04日16時55分17秒","0","0","0"
"登録外","2013年02月04日16時55分17秒","2013年02月04日16時55分18秒","0","0","0"
"登録外","2013年02月04日16時55分18秒","2013年02月04日16時55分30秒","0","0","0"
"登録外","2013年02月04日16時55分30秒","2013年02月04日16時55分32秒","0","0","0"
"登録外","2013年02月04日16時55分32秒","2013年02月04日16時55分46秒","0","0","0"
"エクセル","2013年02月04日16時55分46秒","2013年02月04日16時56分11秒","0","0","0"
"登録外","2013年02月04日16時56分11秒","2013年02月04日16時56分29秒","0","0","0"
"登録外","2013年02月04日16時57分35秒","2013年02月04日16時57分41秒","0","0","1"
"登録外","2013年02月04日16時57分41秒","2013年02月04日16時57分45秒","0","0","0"
"登録外","2013年02月04日16時57分45秒","2013年02月04日16時58分08秒","0","0","23"
"登録外","2013年02月04日16時58分08秒","2013年02月04日16時58分12秒","0","0","0"
"登録外","2013年02月04日16時58分12秒","2013年02月04日16時58分13秒","0","0","0"
"登録外","2013年02月04日16時58分13秒","2013年02月04日16時58分17秒","0","0","0"
"登録外","2013年02月04日16時58分17秒","2013年02月04日16時58分19秒","0","0","0"
"登録外","2013年02月04日16時58分19秒","2013年02月04日16時58分20秒","0","0","0"
"登録外","2013年02月04日16時58分20秒","2013年02月04日16時58分30秒","0","0","1"
"登録外","2013年02月04日16時58分30秒","2013年02月04日16時59分07秒","0","0","0"
"登録外","2013年02月04日16時59分07秒","2013年02月04日16時59分08秒","0","0","0"
"登録外","2013年02月04日16時59分08秒","2013年02月04日16時59分16秒","0","0","0"
"登録外","2013年02月04日16時59分16秒","2013年02月04日16時59分24秒","0","0","24"
"登録外","2013年02月04日16時59分24秒","2013年02月04日16時59分27秒","0","0","0"
"登録外","2013年02月04日16時59分27秒","2013年02月04日16時59分30秒","0","0","0"
"登録外","2013年02月04日16時59分30秒","2013年02月04日16時59分35秒","0","0","0"
"登録外","2013年02月04日16時59分35秒","2013年02月04日17時00分10秒","0","0","0"
"登録外","2013年02月04日17時00分10秒","2013年02月04日17時00分15秒","0","0","0"
"登録外","2013年02月04日17時00分15秒","2013年02月04日17時00分23秒","0","0","0"
"登録外","2013年02月04日17時00分23秒","2013年02月04日17時00分24秒","0","0","0"
"登録外","2013年02月04日17時00分24秒","2013年02月04日17時00分25秒","0","0","0"
"登録外","2013年02月04日17時00分25秒","2013年02月04日17時00分27秒","0","0","0"
"登録外","2013年02月04日17時00分27秒","2013年02月04日17時00分29秒","0","0","0"
"登録外","2013年02月04日17時00分29秒","2013年02月04日17時00分31秒","0","0","0"
"登録外","2013年02月04日17時00分31秒","2013年02月04日17時00分35秒","0","0","0"
"登録外","2013年02月04日17時00分35秒","2013年02月04日17時00分40秒","0","0","0"
"登録外","2013年02月04日17時00分40秒","2013年02月04日17時00分45秒","0","0","0"
"登録外","2013年02月04日17時00分45秒","2013年02月04日17時00分49秒","0","0","0"
"登録外","2013年02月04日17時00分49秒","2013年02月04日17時00分53秒","0","0","0"
"登録外","2013年02月04日17時00分53秒","2013年02月04日17時00分58秒","0","0","0"
"登録外","2013年02月04日17時00分58秒","2013年02月04日17時01分04秒","0","0","0"
"登録外","2013年02月04日17時01分04秒","2013年02月04日17時01分06秒","0","0","0"
"登録外","2013年02月04日17時01分06秒","2013年02月04日17時01分13秒","0","0","0"
"登録外","2013年02月04日17時01分13秒","2013年02月04日17時01分16秒","0","0","0"
"登録外","2013年02月04日17時01分16秒","2013年02月04日17時01分17秒","0","0","0"
"登録外","2013年02月04日17時01分17秒","2013年02月04日17時01分27秒","0","0","0"
"登録外","2013年02月04日17時01分27秒","2013年02月04日17時01分49秒","0","0","0"
"登録外","2013年02月04日17時01分49秒","2013年02月04日17時01分54秒","0","0","0"
"登録外","2013年02月04日17時01分54秒","2013年02月04日17時01分55秒","0","0","0"
"登録外","2013年02月04日17時01分55秒","2013年02月04日17時01分56秒","0","0","0"
"登録外","2013年02月04日17時01分56秒","2013年02月04日17時02分19秒","0","0","0"
"登録外","2013年02月04日17時02分19秒","2013年02月04日17時02分24秒","0","0","0"
"登録外","2013年02月04日17時03分19秒","2013年02月04日17時03分34秒","0","0","30"
"登録外","2013年02月04日17時03分34秒","2013年02月04日17時03分35秒","0","0","0"
"エクセル","2013年02月04日17時03分35秒","2013年02月04日17時03分45秒","0","0","0"
"登録外","2013年02月04日17時03分45秒","2013年02月04日17時03分49秒","0","0","0"
"登録外","2013年02月04日17時03分49秒","2013年02月04日17時04分00秒","0","0","0"
"エクセル","2013年02月04日17時04分00秒","2013年02月04日17時04分09秒","0","0","0"
"登録外","2013年02月04日17時04分09秒","2013年02月04日17時04分11秒","0","0","0"
"登録外","2013年02月04日17時04分11秒","2013年02月04日17時04分14秒","0","0","0"
"エクセル","2013年02月04日17時04分14秒","2013年02月04日17時04分16秒","0","0","0"
"ファイル操作","2013年02月04日17時04分17秒","2013年02月04日17時04分27秒","0","0","0"
"エクセル","2013年02月04日17時04分27秒","2013年02月04日17時04分32秒","0","0","0"
"登録外","2013年02月04日17時04分32秒","2013年02月04日17時04分40秒","0","0","24"
"エクセル","2013年02月04日17時04分40秒","2013年02月04日17時04分41秒","0","0","0"
"登録外","2013年02月04日17時04分41秒","2013年02月04日17時04分43秒","0","0","0"
"登録外","2013年02月04日17時04分43秒","2013年02月04日17時04分49秒","0","0","0"
"登録外","2013年02月04日17時04分49秒","2013年02月04日17時04分53秒","0","0","0"
"登録外","2013年02月04日17時04分53秒","2013年02月04日17時05分07秒","0","0","0"
"登録外","2013年02月04日17時05分07秒","2013年02月04日17時05分10秒","0","0","0"
"登録外","2013年02月04日17時05分10秒","2013年02月04日17時05分19秒","0","0","0"
"登録外","2013年02月04日17時05分19秒","2013年02月04日17時05分25秒","0","0","0"
"登録外","2013年02月04日17時05分25秒","2013年02月04日17時05分41秒","0","0","0"
"登録外","2013年02月04日17時05分41秒","2013年02月04日17時05分44秒","0","0","0"
"登録外","2013年02月04日17時05分44秒","2013年02月04日17時05分49秒","0","0","0"
"エクセル","2013年02月04日17時05分49秒","2013年02月04日17時06分24秒","0","0","0"
"ファイル操作","2013年02月04日17時06分24秒","2013年02月04日17時06分27秒","0","0","0"
"登録外","2013年02月04日17時06分27秒","2013年02月04日17時06分33秒","0","0","0"
"エクセル","2013年02月04日17時06分33秒","2013年02月04日17時07分41秒","0","0","0"
"登録外","2013年02月04日17時07分58秒","2013年02月04日17時09分31秒","0","0","6"
"ファイル操作","2013年02月04日17時09分31秒","2013年02月04日17時09分41秒","0","0","0"
"登録外","2013年02月04日17時09分41秒","2013年02月04日17時10分10秒","0","0","1"
"登録外","2013年02月04日17時10分12秒","2013年02月04日17時10分14秒","0","0","0"
"登録外","2013年02月04日17時10分15秒","2013年02月04日17時10分20秒","0","0","1"
"エクセル","2013年02月04日17時10分20秒","2013年02月04日17時10分22秒","0","0","0"
"ファイル操作","2013年02月04日17時10分22秒","2013年02月04日17時10分23秒","0","0","0"
"エクセル","2013年02月04日17時10分23秒","2013年02月04日17時11分54秒","0","0","134"
"登録外","2013年02月04日17時11分54秒","2013年02月04日17時11分57秒","0","0","0"
"エクセル","2013年02月04日17時11分58秒","2013年02月04日17時15分11秒","0","0","183"
"エクセル","2013年02月04日17時15分11秒","2013年02月04日17時15分27秒","0","0","2"
"メール","2013年02月04日17時15分27秒","2013年02月04日17時15分37秒","0","0","0"
"エクセル","2013年02月04日17時15分37秒","2013年02月04日17時15分41秒","0","0","0"
"登録外","2013年02月04日17時15分41秒","2013年02月04日17時15分50秒","0","0","21"
"登録外","2013年02月04日17時15分50秒","2013年02月04日17時15分51秒","0","0","1"
"エクセル","2013年02月04日17時15分51秒","2013年02月04日17時15分54秒","0","0","0"
"ファイル操作","2013年02月04日17時15分54秒","2013年02月04日17時16分08秒","0","0","1"
"登録外","2013年02月04日17時16分08秒","2013年02月04日17時16分09秒","0","0","0"
"登録外","2013年02月04日17時16分09秒","2013年02月04日17時16分14秒","0","0","0"
"ファイル操作","2013年02月04日17時16分14秒","2013年02月04日17時16分15秒","0","0","0"
"ファイル操作","2013年02月04日17時16分15秒","2013年02月04日17時16分16秒","0","0","0"
"登録外","2013年02月04日17時16分16秒","2013年02月04日17時16分17秒","0","0","0"
"ファイル操作","2013年02月04日17時16分17秒","2013年02月04日17時16分18秒","0","0","0"
"登録外","2013年02月04日17時16分18秒","2013年02月04日17時18分09秒","0","0","0"
"登録外","2013年02月04日17時18分09秒","2013年02月04日17時18分10秒","0","0","0"
"登録外","2013年02月04日17時18分10秒","2013年02月04日17時18分12秒","0","0","0"
"ファイル操作","2013年02月04日17時18分12秒","2013年02月04日17時18分16秒","0","0","0"
"エクセル","2013年02月04日17時18分16秒","2013年02月04日17時18分28秒","0","0","0"
"ファイル操作","2013年02月04日17時18分28秒","2013年02月04日17時19分05秒","0","0","0"
"ファイル操作","2013年02月04日17時19分18秒","2013年02月04日17時19分22秒","0","0","10"
"ファイル操作","2013年02月04日17時19分22秒","2013年02月04日17時19分30秒","0","0","10"
"ファイル操作","2013年02月04日17時19分30秒","2013年02月04日17時19分32秒","0","0","0"
"ファイル操作","2013年02月04日17時19分32秒","2013年02月04日17時19分34秒","0","0","0"
"ファイル操作","2013年02月04日17時19分34秒","2013年02月04日17時19分37秒","0","0","0"
"ファイル操作","2013年02月04日17時19分37秒","2013年02月04日17時19分39秒","0","0","0"
"ファイル操作","2013年02月04日17時19分39秒","2013年02月04日17時19分48秒","0","0","0"
"登録外","2013年02月04日17時19分48秒","2013年02月04日17時19分53秒","0","0","0"
"登録外","2013年02月04日17時19分55秒","2013年02月04日17時19分58秒","0","0","0"
"登録外","2013年02月04日17時19分58秒","2013年02月04日17時20分07秒","0","0","0"
"登録外","2013年02月04日17時20分07秒","2013年02月04日17時20分09秒","0","0","0"
"登録外","2013年02月04日17時20分09秒","2013年02月04日17時20分12秒","0","0","0"
"登録外","2013年02月04日17時20分12秒","2013年02月04日17時20分19秒","0","0","0"
"登録外","2013年02月04日17時20分19秒","2013年02月04日17時20分20秒","0","0","0"
"登録外","2013年02月04日17時20分20秒","2013年02月04日17時20分26秒","0","0","0"
"登録外","2013年02月04日17時20分26秒","2013年02月04日17時20分27秒","0","0","0"
"登録外","2013年02月04日17時20分27秒","2013年02月04日17時20分30秒","0","0","0"
"登録外","2013年02月04日17時20分31秒","2013年02月04日17時20分45秒","0","0","47"
"エクセル","2013年02月04日17時20分45秒","2013年02月04日17時20分49秒","0","0","0"
"登録外","2013年02月04日17時20分49秒","2013年02月04日17時20分56秒","0","0","0"
"登録外","2013年02月04日17時20分56秒","2013年02月04日17時21分03秒","0","0","0"
"登録外","2013年02月04日17時21分03秒","2013年02月04日17時21分15秒","0","0","0"
"登録外","2013年02月04日17時21分15秒","2013年02月04日17時21分17秒","0","0","0"
"登録外","2013年02月04日17時21分17秒","2013年02月04日17時21分19秒","0","0","0"
"登録外","2013年02月04日17時21分19秒","2013年02月04日17時21分21秒","0","0","0"
"登録外","2013年02月04日17時21分21秒","2013年02月04日17時21分35秒","0","0","0"
"登録外","2013年02月04日17時21分35秒","2013年02月04日17時21分37秒","0","0","0"
"登録外","2013年02月04日17時21分37秒","2013年02月04日17時21分45秒","0","0","0"
"エクセル","2013年02月04日17時21分45秒","2013年02月04日17時22分40秒","0","0","133"
"登録外","2013年02月04日17時22分40秒","2013年02月04日17時22分42秒","0","0","0"
"登録外","2013年02月04日17時22分42秒","2013年02月04日17時22分43秒","0","0","0"
"登録外","2013年02月04日17時22分43秒","2013年02月04日17時23分06秒","0","0","0"
"登録外","2013年02月04日17時23分06秒","2013年02月04日17時23分16秒","0","0","0"
"登録外","2013年02月04日17時23分16秒","2013年02月04日17時23分18秒","0","0","0"
"登録外","2013年02月04日17時23分18秒","2013年02月04日17時23分52秒","0","0","0"
"登録外","2013年02月04日17時23分52秒","2013年02月04日17時23分53秒","0","0","0"
"登録外","2013年02月04日17時23分53秒","2013年02月04日17時24分04秒","0","0","0"
"登録外","2013年02月04日17時24分04秒","2013年02月04日17時24分07秒","0","0","0"
"登録外","2013年02月04日17時24分07秒","2013年02月04日17時24分09秒","0","0","0"
"登録外","2013年02月04日17時24分09秒","2013年02月04日17時24分10秒","0","0","0"
"登録外","2013年02月04日17時24分10秒","2013年02月04日17時24分57秒","0","0","0"
"登録外","2013年02月04日17時24分57秒","2013年02月04日17時24分59秒","0","0","0"
"登録外","2013年02月04日17時24分59秒","2013年02月04日17時25分12秒","0","0","0"
"登録外","2013年02月04日17時25分12秒","2013年02月04日17時25分38秒","0","0","0"
"エクセル","2013年02月04日17時26分46秒","2013年02月04日17時26分49秒","0","0","1"
"ファイル操作","2013年02月04日17時26分49秒","2013年02月04日17時26分53秒","0","0","0"
"エクセル","2013年02月04日17時26分53秒","2013年02月04日17時26分54秒","0","0","0"
"ファイル操作","2013年02月04日17時26分54秒","2013年02月04日17時26分55秒","0","0","0"
"エクセル","2013年02月04日17時26分55秒","2013年02月04日17時28分37秒","0","0","178"
"登録外","2013年02月04日17時28分37秒","2013年02月04日17時28分43秒","0","0","0"
"登録外","2013年02月04日17時28分43秒","2013年02月04日17時28分46秒","0","0","0"
"登録外","2013年02月04日17時28分46秒","2013年02月04日17時28分47秒","0","0","0"
"登録外","2013年02月04日17時28分47秒","2013年02月04日17時28分49秒","0","0","2"
"登録外","2013年02月04日17時28分49秒","2013年02月04日17時28分50秒","0","0","0"
"エクセル","2013年02月04日17時28分51秒","2013年02月04日17時28分58秒","0","0","0"
"ファイル操作","2013年02月04日17時28分58秒","2013年02月04日17時29分01秒","0","0","0"
"エクセル","2013年02月04日17時29分01秒","2013年02月04日17時29分03秒","0","0","0"
"ファイル操作","2013年02月04日17時29分03秒","2013年02月04日17時29分06秒","0","0","0"
"エクセル","2013年02月04日17時29分06秒","2013年02月04日17時29分19秒","0","0","4"
"登録外","2013年02月04日17時29分19秒","2013年02月04日17時29分23秒","0","0","0"
"エクセル","2013年02月04日17時29分23秒","2013年02月04日17時29分26秒","0","0","0"
"登録外","2013年02月04日17時29分26秒","2013年02月04日17時29分30秒","0","0","0"
"登録外","2013年02月04日17時29分30秒","2013年02月04日17時29分32秒","0","0","0"
"登録外","2013年02月04日17時29分32秒","2013年02月04日17時29分33秒","0","0","0"
"登録外","2013年02月04日17時29分33秒","2013年02月04日17時29分35秒","0","0","2"
"ファイル操作","2013年02月04日17時29分35秒","2013年02月04日17時29分37秒","0","0","0"
"エクセル","2013年02月04日17時29分37秒","2013年02月04日17時29分52秒","0","0","0"
"エクセル","2013年02月04日17時29分55秒","2013年02月04日17時29分56秒","0","0","0"
"ファイル操作","2013年02月04日17時29分56秒","2013年02月04日17時29分57秒","0","0","0"
"エクセル","2013年02月04日17時29分57秒","2013年02月04日17時30分08秒","0","0","0"
"登録外","2013年02月04日17時30分08秒","2013年02月04日17時30分10秒","0","0","0"
"エクセル","2013年02月04日17時30分10秒","2013年02月04日17時30分12秒","0","0","0"
"エクセル","2013年02月04日17時30分12秒","2013年02月04日17時30分13秒","0","0","0"
"登録外","2013年02月04日17時30分13秒","2013年02月04日17時30分14秒","0","0","0"
"エクセル","2013年02月04日17時30分14秒","2013年02月04日17時30分15秒","0","0","0"
"ファイル操作","2013年02月04日17時30分15秒","2013年02月04日17時30分28秒","0","0","0"
"エクセル","2013年02月04日17時30分28秒","2013年02月04日17時30分31秒","0","0","2"
"登録外","2013年02月04日17時30分31秒","2013年02月04日17時30分33秒","0","0","0"
"登録外","2013年02月04日17時30分33秒","2013年02月04日17時30分34秒","0","0","0"
"エクセル","2013年02月04日17時30分34秒","2013年02月04日17時30分40秒","0","0","0"
"登録外","2013年02月04日17時30分40秒","2013年02月04日17時30分48秒","0","0","24"
"登録外","2013年02月04日17時30分48秒","2013年02月04日17時30分51秒","0","0","0"
"登録外","2013年02月04日17時30分51秒","2013年02月04日17時30分57秒","0","0","0"
"登録外","2013年02月04日17時30分57秒","2013年02月04日17時31分02秒","0","0","0"
"登録外","2013年02月04日17時31分02秒","2013年02月04日17時31分04秒","0","0","0"
"登録外","2013年02月04日17時31分04秒","2013年02月04日17時31分05秒","0","0","0"
"登録外","2013年02月04日17時31分05秒","2013年02月04日17時31分07秒","0","0","0"
"エクセル","2013年02月04日17時31分07秒","2013年02月04日17時31分11秒","0","0","0"
"登録外","2013年02月04日17時31分11秒","2013年02月04日17時31分14秒","0","0","0"
"登録外","2013年02月04日17時31分14秒","2013年02月04日17時31分15秒","0","0","0"
"登録外","2013年02月04日17時31分15秒","2013年02月04日17時31分21秒","0","0","0"
"登録外","2013年02月04日17時31分21秒","2013年02月04日17時31分24秒","0","0","0"
"登録外","2013年02月04日17時31分24秒","2013年02月04日17時31分25秒","0","0","0"
"登録外","2013年02月04日17時31分25秒","2013年02月04日17時31分27秒","0","0","2"
"ファイル操作","2013年02月04日17時31分27秒","2013年02月04日17時31分29秒","0","0","0"
"エクセル","2013年02月04日17時31分29秒","2013年02月04日17時31分52秒","0","0","2"
"ブラウザ","2013年02月04日17時31分52秒","2013年02月04日17時32分08秒","0","0","1"
"ファイル操作","2013年02月04日17時32分08秒","2013年02月04日17時32分17秒","0","0","0"
"ブラウザ","2013年02月04日17時32分17秒","2013年02月04日17時32分21秒","0","0","1"
"ブラウザ","2013年02月04日17時32分21秒","2013年02月04日17時32分24秒","0","0","0"
"ブラウザ","2013年02月04日17時32分24秒","2013年02月04日17時32分34秒","0","0","0"
"ブラウザ","2013年02月04日17時32分34秒","2013年02月04日17時32分47秒","0","0","0"
"エクセル","2013年02月04日17時32分48秒","2013年02月04日17時33分08秒","0","0","0"
"ファイル操作","2013年02月04日17時33分08秒","2013年02月04日17時33分12秒","0","0","0"
"エクセル","2013年02月04日17時33分12秒","2013年02月04日17時33分25秒","0","0","0"
"ブラウザ","2013年02月04日17時33分25秒","2013年02月04日17時33分29秒","0","0","0"
"登録外","2013年02月04日17時33分29秒","2013年02月04日17時33分39秒","0","0","0"
"ブラウザ","2013年02月04日17時33分39秒","2013年02月04日17時34分55秒","0","0","124"
"メール","2013年02月04日17時34分55秒","2013年02月04日17時35分07秒","0","0","0"
"ブラウザ","2013年02月04日17時35分07秒","2013年02月04日17時35分10秒","0","0","0"
"ブラウザ","2013年02月04日17時35分10秒","2013年02月04日17時35分13秒","0","0","1"
"ブラウザ","2013年02月04日17時35分13秒","2013年02月04日17時35分22秒","0","0","0"
"ブラウザ","2013年02月04日17時35分22秒","2013年02月04日17時35分52秒","0","0","3"
"ブラウザ","2013年02月04日17時35分52秒","2013年02月04日17時35分53秒","0","0","0"
"ブラウザ","2013年02月04日17時35分53秒","2013年02月04日17時35分54秒","0","0","0"
"ブラウザ","2013年02月04日17時35分54秒","2013年02月04日17時35分58秒","0","0","0"
"メール","2013年02月04日17時35分58秒","2013年02月04日17時36分13秒","0","0","0"
"ブラウザ","2013年02月04日17時36分13秒","2013年02月04日17時36分16秒","0","0","0"
"登録外","2013年02月04日17時36分16秒","2013年02月04日17時36分23秒","0","0","0"
"メール","2013年02月04日17時36分24秒","2013年02月04日17時36分25秒","0","0","0"
"登録外","2013年02月04日17時36分26秒","2013年02月04日17時36分30秒","0","0","0"
"登録外","2013年02月04日17時36分31秒","2013年02月04日17時36分34秒","0","0","0"
"登録外","2013年02月04日17時36分34秒","2013年02月04日17時37分25秒","0","0","0"
"登録外","2013年02月04日17時37分25秒","2013年02月04日17時37分28秒","0","0","0"
"登録外","2013年02月04日17時37分28秒","2013年02月04日17時37分32秒","0","0","0"
"登録外","2013年02月04日17時37分32秒","2013年02月04日17時37分33秒","0","0","0"
"登録外","2013年02月04日17時37分33秒","2013年02月04日17時37分39秒","0","0","2"
"登録外","2013年02月04日17時37分39秒","2013年02月04日17時37分44秒","0","0","4"
"登録外","2013年02月04日17時37分44秒","2013年02月04日17時37分54秒","0","0","0"
"登録外","2013年02月04日17時37分54秒","2013年02月04日17時37分59秒","0","0","0"
"登録外","2013年02月04日17時37分59秒","2013年02月04日17時38分02秒","0","0","0"
"登録外","2013年02月04日17時38分02秒","2013年02月04日17時38分03秒","0","0","0"
"登録外","2013年02月04日17時38分03秒","2013年02月04日17時38分04秒","0","0","0"
"登録外","2013年02月04日17時38分04秒","2013年02月04日17時38分05秒","0","0","0"
"登録外","2013年02月04日17時38分05秒","2013年02月04日17時38分07秒","0","0","0"
"登録外","2013年02月04日17時38分07秒","2013年02月04日17時38分09秒","0","0","0"
"登録外","2013年02月04日17時38分09秒","2013年02月04日17時38分11秒","0","0","0"
"登録外","2013年02月04日17時38分11秒","2013年02月04日17時38分14秒","0","0","0"
"登録外","2013年02月04日17時38分14秒","2013年02月04日17時38分16秒","0","0","0"
"登録外","2013年02月04日17時38分16秒","2013年02月04日17時38分17秒","0","0","0"
"登録外","2013年02月04日17時38分17秒","2013年02月04日17時38分18秒","0","0","0"
"登録外","2013年02月04日17時38分18秒","2013年02月04日17時38分19秒","0","0","0"
"登録外","2013年02月04日17時38分19秒","2013年02月04日17時38分22秒","0","0","0"
"登録外","2013年02月04日17時38分22秒","2013年02月04日17時38分23秒","0","0","0"
"登録外","2013年02月04日17時38分23秒","2013年02月04日17時38分39秒","0","0","40"
"登録外","2013年02月04日17時38分39秒","2013年02月04日17時38分42秒","0","0","0"
"登録外","2013年02月04日17時38分42秒","2013年02月04日17時38分44秒","0","0","0"
"登録外","2013年02月04日17時38分44秒","2013年02月04日17時38分52秒","0","0","0"
"登録外","2013年02月04日17時38分52秒","2013年02月04日17時38分55秒","0","0","0"
"登録外","2013年02月04日17時38分55秒","2013年02月04日17時39分01秒","0","0","0"
"登録外","2013年02月04日17時39分01秒","2013年02月04日17時39分04秒","0","0","0"
"ブラウザ","2013年02月04日17時39分04秒","2013年02月04日17時39分33秒","0","0","0"
"登録外","2013年02月04日17時39分33秒","2013年02月04日17時40分07秒","0","0","0"
"ファイル操作","2013年02月04日17時40分07秒","2013年02月04日17時40分09秒","0","0","0"
"エクセル","2013年02月04日17時40分09秒","2013年02月04日17時40分13秒","0","0","0"
"エクセル","2013年02月04日17時40分13秒","2013年02月04日17時40分28秒","0","0","4"
"登録外","2013年02月04日17時40分29秒","2013年02月04日17時40分43秒","0","0","48"
"エクセル","2013年02月04日17時40分43秒","2013年02月04日17時40分58秒","0","0","0"
"登録外","2013年02月04日17時40分58秒","2013年02月04日17時41分14秒","0","0","0"
"エクセル","2013年02月04日17時41分14秒","2013年02月04日17時41分41秒","0","0","0"
"登録外","2013年02月04日17時41分41秒","2013年02月04日17時42分03秒","0","0","24"
"エクセル","2013年02月04日17時42分03秒","2013年02月04日17時42分55秒","0","0","0"
"登録外","2013年02月04日17時42分55秒","2013年02月04日17時44分33秒","0","0","44"
"エクセル","2013年02月04日17時44分33秒","2013年02月04日17時44分35秒","0","0","0"
"登録外","2013年02月04日17時44分36秒","2013年02月04日17時44分38秒","0","0","0"
"登録外","2013年02月04日17時44分38秒","2013年02月04日17時45分00秒","0","0","0"
"登録外","2013年02月04日17時45分00秒","2013年02月04日17時45分12秒","0","0","2"
"登録外","2013年02月04日17時45分12秒","2013年02月04日17時45分14秒","0","0","2"
"登録外","2013年02月04日17時45分14秒","2013年02月04日17時45分15秒","0","0","0"
"登録外","2013年02月04日17時45分15秒","2013年02月04日17時45分16秒","0","0","0"
"登録外","2013年02月04日17時45分16秒","2013年02月04日17時45分19秒","0","0","2"
"登録外","2013年02月04日17時45分19秒","2013年02月04日17時45分58秒","0","0","21"
"登録外","2013年02月04日17時45分58秒","2013年02月04日17時45分59秒","0","0","0"
"登録外","2013年02月04日17時45分59秒","2013年02月04日17時46分14秒","0","0","1"
"登録外","2013年02月04日17時46分14秒","2013年02月04日17時46分24秒","0","0","4"
"登録外","2013年02月04日17時46分24秒","2013年02月04日17時47分28秒","0","0","54"
"ファイル操作","2013年02月04日17時47分28秒","2013年02月04日17時47分34秒","0","0","0"
"エクセル","2013年02月04日17時47分34秒","2013年02月04日17時47分55秒","0","0","2"
"登録外","2013年02月04日17時47分55秒","2013年02月04日17時48分19秒","0","0","29"
"エクセル","2013年02月04日17時48分19秒","2013年02月04日17時48分20秒","0","0","0"
"登録外","2013年02月04日17時48分20秒","2013年02月04日17時48分34秒","0","0","0"
"登録外","2013年02月04日17時48分34秒","2013年02月04日17時49分18秒","0","0","6"
"登録外","2013年02月04日17時49分18秒","2013年02月04日17時49分21秒","0","0","1"
"登録外","2013年02月04日17時49分21秒","2013年02月04日17時49分29秒","0","0","9"
"登録外","2013年02月04日17時49分29秒","2013年02月04日17時50分14秒","0","0","25"
"登録外","2013年02月04日17時50分14秒","2013年02月04日17時50分54秒","0","0","14"
"登録外","2013年02月04日17時50分54秒","2013年02月04日17時50分57秒","0","0","1"
"登録外","2013年02月04日17時50分58秒","2013年02月04日17時51分06秒","0","0","3"
"登録外","2013年02月04日17時51分06秒","2013年02月04日17時51分11秒","0","0","15"
"登録外","2013年02月04日17時51分11秒","2013年02月04日17時51分13秒","0","0","0"
"登録外","2013年02月04日17時51分13秒","2013年02月04日17時51分18秒","0","0","0"
"登録外","2013年02月04日17時51分18秒","2013年02月04日17時51分38秒","0","0","0"
"登録外","2013年02月04日17時51分38秒","2013年02月04日17時51分49秒","0","0","1"
"エクセル","2013年02月04日17時51分49秒","2013年02月04日17時51分57秒","0","0","2"
"登録外","2013年02月04日17時51分57秒","2013年02月04日17時51分58秒","0","0","2"
"登録外","2013年02月04日17時51分58秒","2013年02月04日17時52分01秒","0","0","0"
"エクセル","2013年02月04日17時52分01秒","2013年02月04日17時52分08秒","0","0","2"
"登録外","2013年02月04日17時52分08秒","2013年02月04日17時52分14秒","0","0","2"
"エクセル","2013年02月04日17時52分14秒","2013年02月04日17時52分22秒","0","0","2"
"登録外","2013年02月04日17時52分22秒","2013年02月04日17時52分40秒","0","0","12"
"エクセル","2013年02月04日17時52分40秒","2013年02月04日17時52分42秒","0","0","2"
"登録外","2013年02月04日17時52分43秒","2013年02月04日17時52分47秒","0","0","2"
"エクセル","2013年02月04日17時52分47秒","2013年02月04日17時52分49秒","0","0","2"
"登録外","2013年02月04日17時52分49秒","2013年02月04日17時52分53秒","0","0","5"
"登録外","2013年02月04日17時52分53秒","2013年02月04日17時52分54秒","0","0","0"
"エクセル","2013年02月04日17時52分54秒","2013年02月04日17時52分56秒","0","0","0"
"登録外","2013年02月04日17時52分57秒","2013年02月04日17時53分11秒","0","0","0"
"ファイル操作","2013年02月04日17時53分11秒","2013年02月04日17時53分13秒","0","0","0"
"エクセル","2013年02月04日17時53分13秒","2013年02月04日17時53分14秒","0","0","0"
"ファイル操作","2013年02月04日17時53分14秒","2013年02月04日17時53分15秒","0","0","0"
"エクセル","2013年02月04日17時53分15秒","2013年02月04日17時53分19秒","0","0","0"
"エクセル","2013年02月04日17時53分19秒","2013年02月04日17時55分14秒","0","0","3"
"エクセル","2013年02月04日17時55分14秒","2013年02月04日17時56分22秒","0","0","0"
"登録外","2013年02月04日17時56分22秒","2013年02月04日17時56分28秒","0","0","0"
"登録外","2013年02月04日17時56分33秒","2013年02月04日17時56分34秒","0","0","3"
"登録外","2013年02月04日17時56分34秒","2013年02月04日17時57分19秒","0","0","63"
"登録外","2013年02月04日17時57分19秒","2013年02月04日17時57分35秒","0","0","0"
"登録外","2013年02月04日17時57分35秒","2013年02月04日17時58分38秒","0","0","61"
"登録外","2013年02月04日17時58分38秒","2013年02月04日17時58分39秒","0","0","2"
"登録外","2013年02月04日17時58分39秒","2013年02月04日17時58分42秒","0","0","1"
"登録外","2013年02月04日17時58分42秒","2013年02月04日17時58分47秒","0","0","0"
"登録外","2013年02月04日17時58分47秒","2013年02月04日17時58分49秒","0","0","0"
"登録外","2013年02月04日17時58分49秒","2013年02月04日17時59分08秒","0","0","2"
"登録外","2013年02月04日17時59分08秒","2013年02月04日17時59分30秒","0","0","21"
"登録外","2013年02月04日17時59分30秒","2013年02月04日17時59分34秒","0","0","1"
"登録外","2013年02月04日17時59分34秒","2013年02月04日17時59分46秒","0","0","2"
"登録外","2013年02月04日17時59分46秒","2013年02月04日17時59分58秒","0","0","6"
"登録外","2013年02月04日17時59分58秒","2013年02月04日18時00分01秒","0","0","1"
"登録外","2013年02月04日18時00分02秒","2013年02月04日18時00分05秒","0","0","2"
"登録外","2013年02月04日18時00分05秒","2013年02月04日18時00分06秒","0","0","3"
"登録外","2013年02月04日18時00分06秒","2013年02月04日18時00分07秒","0","0","1"
"登録外","2013年02月04日18時00分07秒","2013年02月04日18時00分10秒","0","0","0"
"登録外","2013年02月04日18時00分10秒","2013年02月04日18時00分14秒","0","0","0"
"登録外","2013年02月04日18時00分14秒","2013年02月04日18時00分15秒","0","0","0"
"登録外","2013年02月04日18時00分15秒","2013年02月04日18時00分20秒","0","0","0"
"登録外","2013年02月04日18時00分20秒","2013年02月04日18時00分25秒","0","0","6"
"登録外","2013年02月04日18時00分25秒","2013年02月04日18時00分55秒","0","0","0"
"登録外","2013年02月04日18時00分55秒","2013年02月04日18時01分39秒","0","0","2"
"登録外","2013年02月04日18時01分39秒","2013年02月04日18時02分37秒","0","0","55"
"登録外","2013年02月04日18時02分37秒","2013年02月04日18時02分47秒","0","0","2"
"登録外","2013年02月04日18時02分47秒","2013年02月04日18時02分57秒","0","0","23"
"登録外","2013年02月04日18時02分57秒","2013年02月04日18時03分01秒","0","0","1"
"登録外","2013年02月04日18時03分01秒","2013年02月04日18時03分02秒","0","0","2"
"登録外","2013年02月04日18時03分02秒","2013年02月04日18時03分12秒","0","0","1"
"登録外","2013年02月04日18時03分12秒","2013年02月04日18時03分18秒","0","0","0"
"登録外","2013年02月04日18時03分18秒","2013年02月04日18時03分42秒","0","0","0"
"登録外","2013年02月04日18時03分42秒","2013年02月04日18時03分47秒","0","0","0"
"登録外","2013年02月04日18時03分47秒","2013年02月04日18時04分06秒","0","0","2"
"ファイル操作","2013年02月04日18時04分06秒","2013年02月04日18時04分07秒","0","0","0"
"エクセル","2013年02月04日18時04分07秒","2013年02月04日18時04分45秒","0","0","0"
"登録外","2013年02月04日18時04分46秒","2013年02月04日18時04分49秒","0","0","0"
"登録外","2013年02月04日18時04分51秒","2013年02月04日18時05分14秒","0","0","0"
"登録外","2013年02月04日18時05分14秒","2013年02月04日18時06分03秒","0","0","0"
"エクセル","2013年02月04日18時06分03秒","2013年02月04日18時06分46秒","0","0","0"
"登録外","2013年02月04日18時06分46秒","2013年02月04日18時06分50秒","0","0","0"
"エクセル","2013年02月04日18時08分36秒","2013年02月04日18時08分38秒","0","0","2"
"登録外","2013年02月04日18時08分38秒","2013年02月04日18時08分45秒","0","0","2"
"登録外","2013年02月04日18時08分45秒","2013年02月04日18時08分48秒","0","0","0"
"エクセル","2013年02月04日18時08分48秒","2013年02月04日18時09分18秒","0","0","4"
"登録外","2013年02月04日18時09分18秒","2013年02月04日18時10分14秒","0","0","6"
"登録外","2013年02月04日18時10分14秒","2013年02月04日18時10分36秒","0","0","13"
"登録外","2013年02月04日18時10分36秒","2013年02月04日18時10分38秒","0","0","0"
"登録外","2013年02月04日18時10分38秒","2013年02月04日18時10分47秒","0","0","1"
"登録外","2013年02月04日18時10分47秒","2013年02月04日18時10分51秒","0","0","0"
"登録外","2013年02月04日18時10分51秒","2013年02月04日18時11分44秒","0","0","0"
"登録外","2013年02月04日18時11分44秒","2013年02月04日18時11分50秒","0","0","2"
"登録外","2013年02月04日18時11分50秒","2013年02月04日18時12分18秒","0","0","32"
"登録外","2013年02月04日18時12分18秒","2013年02月04日18時12分33秒","0","0","1"
"登録外","2013年02月04日18時12分33秒","2013年02月04日18時12分55秒","0","0","1"
"登録外","2013年02月04日18時12分55秒","2013年02月04日18時13分04秒","0","0","10"
"登録外","2013年02月04日18時13分04秒","2013年02月04日18時13分12秒","0","0","2"
"登録外","2013年02月04日18時13分12秒","2013年02月04日18時13分27秒","0","0","1"
"登録外","2013年02月04日18時13分27秒","2013年02月04日18時14分06秒","0","0","20"
"登録外","2013年02月04日18時14分06秒","2013年02月04日18時14分07秒","0","0","2"
"登録外","2013年02月04日18時14分07秒","2013年02月04日18時14分10秒","0","0","0"
"登録外","2013年02月04日18時14分10秒","2013年02月04日18時14分31秒","0","0","3"
"登録外","2013年02月04日18時14分31秒","2013年02月04日18時14分32秒","0","0","2"
"登録外","2013年02月04日18時14分32秒","2013年02月04日18時14分36秒","0","0","1"
"登録外","2013年02月04日18時14分36秒","2013年02月04日18時14分56秒","0","0","17"
"登録外","2013年02月04日18時14分56秒","2013年02月04日18時14分58秒","0","0","1"
"登録外","2013年02月04日18時14分58秒","2013年02月04日18時15分01秒","0","0","1"
"登録外","2013年02月04日18時15分01秒","2013年02月04日18時15分15秒","0","0","13"
"登録外","2013年02月04日18時15分15秒","2013年02月04日18時15分16秒","0","0","1"
"登録外","2013年02月04日18時15分16秒","2013年02月04日18時15分18秒","0","0","0"
"登録外","2013年02月04日18時15分18秒","2013年02月04日18時15分28秒","0","0","0"
"登録外","2013年02月04日18時15分28秒","2013年02月04日18時15分38秒","0","0","6"
"登録外","2013年02月04日18時15分38秒","2013年02月04日18時15分41秒","0","0","1"
"登録外","2013年02月04日18時15分41秒","2013年02月04日18時15分47秒","0","0","5"
"登録外","2013年02月04日18時15分47秒","2013年02月04日18時15分58秒","0","0","9"
"登録外","2013年02月04日18時15分58秒","2013年02月04日18時15分59秒","0","0","0"
"登録外","2013年02月04日18時15分59秒","2013年02月04日18時16分04秒","0","0","1"
"登録外","2013年02月04日18時16分04秒","2013年02月04日18時16分13秒","0","0","8"
"登録外","2013年02月04日18時16分13秒","2013年02月04日18時16分17秒","0","0","1"
"登録外","2013年02月04日18時16分17秒","2013年02月04日18時16分26秒","0","0","0"
"登録外","2013年02月04日18時16分26秒","2013年02月04日18時17分12秒","0","0","2"
"ファイル操作","2013年02月04日18時17分12秒","2013年02月04日18時17分13秒","0","0","0"
"ファイル操作","2013年02月04日18時17分13秒","2013年02月04日18時17分15秒","0","0","0"
"ファイル操作","2013年02月04日18時17分15秒","2013年02月04日18時17分17秒","0","0","0"
"ファイル操作","2013年02月04日18時17分17秒","2013年02月04日18時17分23秒","0","0","0"
"登録外","2013年02月04日18時17分23秒","2013年02月04日18時17分24秒","0","0","3"
"登録外","2013年02月04日18時17分24秒","2013年02月04日18時17分26秒","0","0","0"
"登録外","2013年02月04日18時17分26秒","2013年02月04日18時17分30秒","0","0","0"
"登録外","2013年02月04日18時17分30秒","2013年02月04日18時17分32秒","0","0","0"
"登録外","2013年02月04日18時17分32秒","2013年02月04日18時19分19秒","0","0","2"
"登録外","2013年02月04日18時19分19秒","2013年02月04日18時19分20秒","0","0","0"
"登録外","2013年02月04日18時19分20秒","2013年02月04日18時19分29秒","0","0","0"
"登録外","2013年02月04日18時19分29秒","2013年02月04日18時20分12秒","0","0","29"
"登録外","2013年02月04日18時20分12秒","2013年02月04日18時20分14秒","0","0","0"
"登録外","2013年02月04日18時20分14秒","2013年02月04日18時20分15秒","0","0","0"
"登録外","2013年02月04日18時20分15秒","2013年02月04日18時20分23秒","0","0","0"
"登録外","2013年02月04日18時20分23秒","2013年02月04日18時20分35秒","0","0","0"
"登録外","2013年02月04日18時20分35秒","2013年02月04日18時20分57秒","0","0","0"
"登録外","2013年02月04日18時20分57秒","2013年02月04日18時21分06秒","0","0","4"
"登録外","2013年02月04日18時21分06秒","2013年02月04日18時21分18秒","0","0","11"
"登録外","2013年02月04日18時21分18秒","2013年02月04日18時21分20秒","0","0","1"
"登録外","2013年02月04日18時21分20秒","2013年02月04日18時21分25秒","0","0","1"
"登録外","2013年02月04日18時21分25秒","2013年02月04日18時21分30秒","0","0","2"
"登録外","2013年02月04日18時21分30秒","2013年02月04日18時21分31秒","0","0","3"
"登録外","2013年02月04日18時21分31秒","2013年02月04日18時21分33秒","0","0","0"
"登録外","2013年02月04日18時21分33秒","2013年02月04日18時21分34秒","0","0","0"
"登録外","2013年02月04日18時21分34秒","2013年02月04日18時22分12秒","0","0","31"
"登録外","2013年02月04日18時22分12秒","2013年02月04日18時22分13秒","0","0","1"
"登録外","2013年02月04日18時22分13秒","2013年02月04日18時22分27秒","0","0","0"
"登録外","2013年02月04日18時22分27秒","2013年02月04日18時22分29秒","0","0","0"
"登録外","2013年02月04日18時22分29秒","2013年02月04日18時24分13秒","0","0","2"
"登録外","2013年02月04日18時24分13秒","2013年02月04日18時24分16秒","0","0","0"
"ファイル操作","2013年02月04日18時24分16秒","2013年02月04日18時24分18秒","0","0","0"
"ファイル操作","2013年02月04日18時24分18秒","2013年02月04日18時24分19秒","0","0","0"
"ファイル操作","2013年02月04日18時24分19秒","2013年02月04日18時24分25秒","0","0","0"
"ファイル操作","2013年02月04日18時24分25秒","2013年02月04日18時24分29秒","0","0","0"
"登録外","2013年02月04日18時24分29秒","2013年02月04日18時24分31秒","0","0","0"
"ファイル操作","2013年02月04日18時24分31秒","2013年02月04日18時24分33秒","0","0","0"
"登録外","2013年02月04日18時24分33秒","2013年02月04日18時24分37秒","0","0","3"
"登録外","2013年02月04日18時24分37秒","2013年02月04日18時24分38秒","0","0","0"
"登録外","2013年02月04日18時24分38秒","2013年02月04日18時24分39秒","0","0","0"
"登録外","2013年02月04日18時24分39秒","2013年02月04日18時25分15秒","0","0","0"
"登録外","2013年02月04日18時25分15秒","2013年02月04日18時26分33秒","0","0","2"
"登録外","2013年02月04日18時26分33秒","2013年02月04日18時26分37秒","0","0","0"
"登録外","2013年02月04日18時26分37秒","2013年02月04日18時26分39秒","0","0","0"
"登録外","2013年02月04日18時26分39秒","2013年02月04日18時26分43秒","0","0","1"
"登録外","2013年02月04日18時26分43秒","2013年02月04日18時26分59秒","0","0","12"
"登録外","2013年02月04日18時26分59秒","2013年02月04日18時27分01秒","0","0","2"
"登録外","2013年02月04日18時27分01秒","2013年02月04日18時27分18秒","0","0","0"
"登録外","2013年02月04日18時27分18秒","2013年02月04日18時27分39秒","0","0","1"
"登録外","2013年02月04日18時27分39秒","2013年02月04日18時28分02秒","0","0","16"
"登録外","2013年02月04日18時28分02秒","2013年02月04日18時28分03秒","0","0","3"
"登録外","2013年02月04日18時28分03秒","2013年02月04日18時28分10秒","0","0","0"
"登録外","2013年02月04日18時28分10秒","2013年02月04日18時28分24秒","0","0","0"
"登録外","2013年02月04日18時28分24秒","2013年02月04日18時28分29秒","0","0","4"
"登録外","2013年02月04日18時28分29秒","2013年02月04日18時28分30秒","0","0","2"
"登録外","2013年02月04日18時28分30秒","2013年02月04日18時28分38秒","0","0","0"
"登録外","2013年02月04日18時28分38秒","2013年02月04日18時28分50秒","0","0","1"
"登録外","2013年02月04日18時28分50秒","2013年02月04日18時29分40秒","0","0","39"
"登録外","2013年02月04日18時29分40秒","2013年02月04日18時29分41秒","0","0","1"
"登録外","2013年02月04日18時29分41秒","2013年02月04日18時29分43秒","0","0","0"
"登録外","2013年02月04日18時29分43秒","2013年02月04日18時29分46秒","0","0","1"
"登録外","2013年02月04日18時29分46秒","2013年02月04日18時29分49秒","0","0","3"
"登録外","2013年02月04日18時29分49秒","2013年02月04日18時29分52秒","0","0","1"
"登録外","2013年02月04日18時29分52秒","2013年02月04日18時29分55秒","0","0","1"
"登録外","2013年02月04日18時29分55秒","2013年02月04日18時30分01秒","0","0","3"
"登録外","2013年02月04日18時30分01秒","2013年02月04日18時30分02秒","0","0","2"
"登録外","2013年02月04日18時30分02秒","2013年02月04日18時30分04秒","0","0","1"
"登録外","2013年02月04日18時30分04秒","2013年02月04日18時30分15秒","0","0","0"
"登録外","2013年02月04日18時30分15秒","2013年02月04日18時30分37秒","0","0","1"
"登録外","2013年02月04日18時30分37秒","2013年02月04日18時30分38秒","0","0","2"
"登録外","2013年02月04日18時30分38秒","2013年02月04日18時30分40秒","0","0","1"
"登録外","2013年02月04日18時30分40秒","2013年02月04日18時30分44秒","0","0","1"
"登録外","2013年02月04日18時30分44秒","2013年02月04日18時31分10秒","0","0","32"
"登録外","2013年02月04日18時31分10秒","2013年02月04日18時31分17秒","0","0","1"
"登録外","2013年02月04日18時31分17秒","2013年02月04日18時31分54秒","0","0","4"
"登録外","2013年02月04日18時31分54秒","2013年02月04日18時32分04秒","0","0","3"
"登録外","2013年02月04日18時32分04秒","2013年02月04日18時32分06秒","0","0","1"
"登録外","2013年02月04日18時32分06秒","2013年02月04日18時32分20秒","0","0","0"
"登録外","2013年02月04日18時32分20秒","2013年02月04日18時32分39秒","0","0","8"
"登録外","2013年02月04日18時32分39秒","2013年02月04日18時32分45秒","0","0","1"
"登録外","2013年02月04日18時32分46秒","2013年02月04日18時32分48秒","0","0","0"
"ファイル操作","2013年02月04日18時32分48秒","2013年02月04日18時32分49秒","0","0","0"
"エクセル","2013年02月04日18時32分49秒","2013年02月04日18時32分55秒","0","0","2"
"登録外","2013年02月04日18時32分55秒","2013年02月04日18時32分59秒","0","0","2"
"登録外","2013年02月04日18時32分59秒","2013年02月04日18時33分11秒","0","0","10"
"登録外","2013年02月04日18時33分11秒","2013年02月04日18時33分13秒","0","0","0"
"登録外","2013年02月04日18時33分14秒","2013年02月04日18時33分24秒","0","0","1"
"登録外","2013年02月04日18時33分24秒","2013年02月04日18時33分44秒","0","0","1"
"登録外","2013年02月04日18時33分44秒","2013年02月04日18時34分31秒","0","0","9"
"ファイル操作","2013年02月04日18時34分31秒","2013年02月04日18時34分33秒","0","0","0"
"エクセル","2013年02月04日18時34分33秒","2013年02月04日18時34分46秒","0","0","2"
"登録外","2013年02月04日18時34分46秒","2013年02月04日18時35分00秒","0","0","4"
"登録外","2013年02月04日18時35分00秒","2013年02月04日18時35分15秒","0","0","0"
"登録外","2013年02月04日18時35分15秒","2013年02月04日18時35分30秒","0","0","2"
"登録外","2013年02月04日18時35分30秒","2013年02月04日18時35分33秒","0","0","6"
"登録外","2013年02月04日18時35分33秒","2013年02月04日18時35分34秒","0","0","0"
"登録外","2013年02月04日18時35分34秒","2013年02月04日18時35分46秒","0","0","1"
"登録外","2013年02月04日18時35分46秒","2013年02月04日18時35分51秒","0","0","1"
"登録外","2013年02月04日18時35分51秒","2013年02月04日18時35分56秒","0","0","4"
"登録外","2013年02月04日18時35分56秒","2013年02月04日18時35分59秒","0","0","1"
"登録外","2013年02月04日18時35分59秒","2013年02月04日18時36分00秒","0","0","2"
"登録外","2013年02月04日18時36分00秒","2013年02月04日18時36分04秒","0","0","0"
"ファイル操作","2013年02月04日18時36分04秒","2013年02月04日18時36分05秒","0","0","0"
"エクセル","2013年02月04日18時36分05秒","2013年02月04日18時36分13秒","0","0","3"
"登録外","2013年02月04日18時36分13秒","2013年02月04日18時36分18秒","0","0","2"
"エクセル","2013年02月04日18時36分18秒","2013年02月04日18時36分25秒","0","0","2"
"登録外","2013年02月04日18時36分25秒","2013年02月04日18時36分28秒","0","0","1"
"登録外","2013年02月04日18時36分28秒","2013年02月04日18時36分33秒","0","0","4"
"登録外","2013年02月04日18時36分33秒","2013年02月04日18時37分35秒","0","0","1"
"登録外","2013年02月04日18時37分35秒","2013年02月04日18時37分43秒","0","0","2"
"登録外","2013年02月04日18時37分43秒","2013年02月04日18時39分15秒","0","0","133"
"登録外","2013年02月04日18時39分15秒","2013年02月04日18時39分32秒","0","0","4"
"登録外","2013年02月04日18時39分32秒","2013年02月04日18時40分07秒","0","0","35"
"登録外","2013年02月04日18時40分07秒","2013年02月04日18時40分16秒","0","0","0"
"登録外","2013年02月04日18時40分16秒","2013年02月04日18時40分17秒","0","0","0"
"登録外","2013年02月04日18時40分17秒","2013年02月04日18時40分31秒","0","0","12"
"登録外","2013年02月04日18時40分31秒","2013年02月04日18時40分32秒","0","0","2"
"登録外","2013年02月04日18時40分32秒","2013年02月04日18時40分51秒","0","0","1"
"登録外","2013年02月04日18時40分51秒","2013年02月04日18時40分52秒","0","0","0"
"登録外","2013年02月04日18時40分52秒","2013年02月04日18時40分58秒","0","0","6"
"登録外","2013年02月04日18時40分58秒","2013年02月04日18時40分59秒","0","0","0"
"登録外","2013年02月04日18時40分59秒","2013年02月04日18時41分45秒","0","0","1"
"登録外","2013年02月04日18時41分45秒","2013年02月04日18時41分49秒","0","0","4"
"登録外","2013年02月04日18時41分49秒","2013年02月04日18時42分43秒","0","0","117"
"登録外","2013年02月04日18時42分43秒","2013年02月04日18時42分46秒","0","0","1"
"登録外","2013年02月04日18時42分46秒","2013年02月04日18時42分48秒","0","0","1"
"登録外","2013年02月04日18時42分48秒","2013年02月04日18時42分54秒","0","0","16"
"登録外","2013年02月04日18時42分54秒","2013年02月04日18時42分55秒","0","0","1"
"登録外","2013年02月04日18時42分55秒","2013年02月04日18時43分00秒","0","0","0"
"登録外","2013年02月04日18時43分00秒","2013年02月04日18時43分05秒","0","0","0"
"登録外","2013年02月04日18時43分05秒","2013年02月04日18時43分06秒","0","0","4"
"登録外","2013年02月04日18時43分06秒","2013年02月04日18時43分07秒","0","0","1"
"登録外","2013年02月04日18時43分07秒","2013年02月04日18時43分16秒","0","0","0"
"登録外","2013年02月04日18時43分16秒","2013年02月04日18時43分20秒","0","0","1"
"登録外","2013年02月04日18時43分20秒","2013年02月04日18時43分21秒","0","0","3"
"登録外","2013年02月04日18時43分21秒","2013年02月04日18時43分22秒","0","0","1"
"登録外","2013年02月04日18時43分22秒","2013年02月04日18時43分39秒","0","0","0"
"登録外","2013年02月04日18時43分39秒","2013年02月04日18時43分43秒","0","0","4"
"登録外","2013年02月04日18時43分43秒","2013年02月04日18時44分21秒","0","0","74"
"登録外","2013年02月04日18時44分21秒","2013年02月04日18時44分22秒","0","0","1"
"登録外","2013年02月04日18時44分22秒","2013年02月04日18時44分27秒","0","0","0"
"登録外","2013年02月04日18時44分27秒","2013年02月04日18時44分32秒","0","0","3"
"登録外","2013年02月04日18時44分32秒","2013年02月04日18時45分16秒","0","0","10"
"登録外","2013年02月04日18時45分16秒","2013年02月04日18時47分24秒","0","0","2"
"登録外","2013年02月04日18時47分24秒","2013年02月04日18時47分33秒","0","0","1"
"登録外","2013年02月04日18時47分33秒","2013年02月04日18時47分42秒","0","0","0"
"登録外","2013年02月04日18時47分42秒","2013年02月04日18時47分47秒","0","0","5"
"登録外","2013年02月04日18時47分47秒","2013年02月04日18時47分58秒","0","0","1"
"登録外","2013年02月04日18時47分58秒","2013年02月04日18時47分59秒","0","0","2"
"登録外","2013年02月04日18時47分59秒","2013年02月04日18時48分17秒","0","0","35"
"登録外","2013年02月04日18時48分17秒","2013年02月04日18時48分18秒","0","0","2"
"登録外","2013年02月04日18時48分18秒","2013年02月04日18時48分23秒","0","0","0"
"登録外","2013年02月04日18時48分23秒","2013年02月04日18時48分28秒","0","0","2"
"登録外","2013年02月04日18時48分28秒","2013年02月04日18時48分38秒","0","0","0"
"登録外","2013年02月04日18時48分38秒","2013年02月04日18時48分41秒","0","0","0"
"登録外","2013年02月04日18時48分41秒","2013年02月04日18時48分45秒","0","0","1"
"登録外","2013年02月04日18時48分45秒","2013年02月04日18時50分16秒","0","0","0"
"登録外","2013年02月04日18時50分16秒","2013年02月04日18時53分03秒","0","0","6"
"登録外","2013年02月04日18時53分03秒","2013年02月04日18時53分06秒","0","0","4"
"ファイル操作","2013年02月04日18時53分06秒","2013年02月04日18時53分26秒","0","0","0"
"ファイル操作","2013年02月04日18時53分26秒","2013年02月04日18時53分34秒","0","0","0"
"ファイル操作","2013年02月04日18時53分34秒","2013年02月04日18時53分35秒","0","0","0"
"ファイル操作","2013年02月04日18時53分35秒","2013年02月04日18時53分37秒","0","0","0"
"ファイル操作","2013年02月04日18時53分37秒","2013年02月04日18時53分40秒","0","0","0"
"ファイル操作","2013年02月04日18時53分40秒","2013年02月04日18時53分58秒","0","0","0"
"ファイル操作","2013年02月04日18時53分58秒","2013年02月04日18時54分02秒","0","0","0"
"登録外","2013年02月04日18時54分03秒","2013年02月04日18時54分05秒","0","0","0"
"ファイル操作","2013年02月04日18時54分05秒","2013年02月04日18時54分07秒","0","0","0"
"ファイル操作","2013年02月04日18時54分07秒","2013年02月04日18時54分09秒","0","0","0"
"登録外","2013年02月04日18時54分09秒","2013年02月04日18時54分10秒","0","0","0"
"ファイル操作","2013年02月04日18時54分17秒","2013年02月04日18時54分22秒","0","0","0"
"登録外","2013年02月04日18時54分22秒","2013年02月04日18時54分27秒","0","0","0"
"ファイル操作","2013年02月04日18時54分27秒","2013年02月04日18時54分39秒","0","0","0"
"登録外","2013年02月04日18時54分39秒","2013年02月04日18時54分43秒","0","0","2"
"登録外","2013年02月04日18時54分43秒","2013年02月04日18時54分45秒","0","0","0"
"ファイル操作","2013年02月04日18時54分45秒","2013年02月04日18時54分46秒","0","0","0"
"ファイル操作","2013年02月04日18時54分46秒","2013年02月04日18時54分54秒","0","0","0"
"ファイル操作","2013年02月04日18時54分54秒","2013年02月04日18時55分16秒","0","0","11"
"ファイル操作","2013年02月04日18時55分16秒","2013年02月04日18時55分53秒","0","0","12"
"ファイル操作","2013年02月04日18時55分53秒","2013年02月04日18時55分57秒","0","0","0"
"ファイル操作","2013年02月04日18時55分57秒","2013年02月04日18時55分58秒","0","0","0"
"ファイル操作","2013年02月04日18時55分58秒","2013年02月04日18時56分07秒","0","0","0"
"ファイル操作","2013年02月04日18時56分07秒","2013年02月04日18時56分08秒","0","0","2"
"ファイル操作","2013年02月04日18時56分08秒","2013年02月04日18時56分10秒","0","0","2"
"ファイル操作","2013年02月04日18時56分10秒","2013年02月04日18時56分20秒","0","0","0"
"メール","2013年02月04日18時56分20秒","2013年02月04日18時56分35秒","0","0","0"
"ファイル操作","2013年02月04日18時56分35秒","2013年02月04日18時56分36秒","0","0","0"
"ブラウザ","2013年02月04日18時56分36秒","2013年02月04日18時56分46秒","0","0","1"
"ブラウザ","2013年02月04日18時56分46秒","2013年02月04日18時56分47秒","0","0","0"
"ブラウザ","2013年02月04日18時56分47秒","2013年02月04日18時56分48秒","0","0","0"
"ブラウザ","2013年02月04日18時56分48秒","2013年02月04日18時56分51秒","0","0","0"
"ブラウザ","2013年02月04日18時56分51秒","2013年02月04日18時56分52秒","0","0","0"
"ブラウザ","2013年02月04日18時56分52秒","2013年02月04日18時56分53秒","0","0","0"
"ブラウザ","2013年02月04日18時56分53秒","2013年02月04日18時56分57秒","0","0","0"
"ファイル操作","2013年02月04日18時56分57秒","2013年02月04日18時57分01秒","0","0","0"
"ブラウザ","2013年02月04日18時57分01秒","2013年02月04日18時57分03秒","0","0","0"
"ファイル操作","2013年02月04日18時57分03秒","2013年02月04日18時57分05秒","0","0","0"
"ファイル操作","2013年02月04日18時57分05秒","2013年02月04日18時57分08秒","0","0","0"
"エクセル","2013年02月04日18時57分08秒","2013年02月04日18時57分11秒","0","0","0"
"エクセル","2013年02月04日18時57分11秒","2013年02月04日18時57分13秒","0","0","0"
"エクセル","2013年02月04日18時57分13秒","2013年02月04日18時57分14秒","0","0","0"
"エクセル","2013年02月04日18時57分14秒","2013年02月04日18時57分16秒","0","0","0"
"エクセル","2013年02月04日18時57分16秒","2013年02月04日18時57分19秒","0","0","0"
"エクセル","2013年02月04日18時57分19秒","2013年02月04日18時57分21秒","0","0","0"
"ファイル操作","2013年02月04日18時57分21秒","2013年02月04日18時57分24秒","0","0","0"
"ファイル操作","2013年02月04日18時57分24秒","2013年02月04日18時57分28秒","0","0","1"
"ファイル操作","2013年02月04日18時57分28秒","2013年02月04日18時57分29秒","0","0","0"
"ファイル操作","2013年02月04日18時57分29秒","2013年02月04日18時57分31秒","0","0","1"
"ファイル操作","2013年02月04日18時57分31秒","2013年02月04日18時57分32秒","0","0","0"
"ファイル操作","2013年02月04日18時57分32秒","2013年02月04日18時57分51秒","0","0","11"
"エクセル","2013年02月04日18時57分51秒","2013年02月04日18時57分53秒","0","0","0"
"エクセル","2013年02月04日18時57分53秒","2013年02月04日18時57分54秒","0","0","0"
"エクセル","2013年02月04日18時57分54秒","2013年02月04日18時58分11秒","0","0","0"
"エクセル","2013年02月04日18時58分12秒","2013年02月04日18時59分58秒","0","0","2"
"ブラウザ","2013年02月04日18時59分58秒","2013年02月04日19時00分08秒","0","0","0"
"ブラウザ","2013年02月04日19時00分08秒","2013年02月04日19時00分16秒","0","0","0"
"ブラウザ","2013年02月04日19時00分16秒","2013年02月04日19時00分42秒","0","0","0"
"エクセル","2013年02月04日19時00分42秒","2013年02月04日19時00分46秒","0","0","0"
"登録外","2013年02月04日19時00分46秒","2013年02月04日19時00分52秒","0","0","0"
"登録外","2013年02月04日19時00分52秒","2013年02月04日19時00分55秒","0","0","0"
"登録外","2013年02月04日19時00分55秒","2013年02月04日19時01分03秒","0","0","0"
"登録外","2013年02月04日19時01分03秒","2013年02月04日19時01分09秒","0","0","0"
"登録外","2013年02月04日19時01分09秒","2013年02月04日19時01分12秒","0","0","0"
"登録外","2013年02月04日19時01分12秒","2013年02月04日19時01分16秒","0","0","0"
"登録外","2013年02月04日19時01分16秒","2013年02月04日19時01分32秒","0","0","0"
"登録外","2013年02月04日19時01分32秒","2013年02月04日19時01分34秒","0","0","0"
"登録外","2013年02月04日19時01分34秒","2013年02月04日19時01分46秒","0","0","0"
"登録外","2013年02月04日19時01分46秒","2013年02月04日19時01分50秒","0","0","0"
"登録外","2013年02月04日19時01分50秒","2013年02月04日19時01分58秒","0","0","0"
"登録外","2013年02月04日19時01分58秒","2013年02月04日19時02分00秒","0","0","0"
"ファイル操作","2013年02月04日19時02分00秒","2013年02月04日19時02分01秒","0","0","0"
"エクセル","2013年02月04日19時02分01秒","2013年02月04日19時02分06秒","0","0","0"
"登録外","2013年02月04日19時02分06秒","2013年02月04日19時02分11秒","0","0","0"
"エクセル","2013年02月04日19時02分11秒","2013年02月04日19時02分13秒","0","0","1"
"登録外","2013年02月04日19時02分13秒","2013年02月04日19時02分42秒","0","0","0"
"エクセル","2013年02月04日19時02分42秒","2013年02月04日19時03分23秒","0","0","1"
"ファイル操作","2013年02月04日19時03分23秒","2013年02月04日19時03分24秒","0","0","0"
"エクセル","2013年02月04日19時03分24秒","2013年02月04日19時03分38秒","0","0","19"
"ファイル操作","2013年02月04日19時03分38秒","2013年02月04日19時03分39秒","0","0","0"
"エクセル","2013年02月04日19時03分39秒","2013年02月04日19時03分42秒","0","0","1"
"登録外","2013年02月04日19時03分42秒","2013年02月04日19時03分57秒","0","0","2"
"エクセル","2013年02月04日19時03分57秒","2013年02月04日19時03分58秒","0","0","0"
"ファイル操作","2013年02月04日19時03分58秒","2013年02月04日19時04分01秒","0","0","2"
"ファイル操作","2013年02月04日19時04分01秒","2013年02月04日19時04分03秒","0","0","0"
"ファイル操作","2013年02月04日19時04分03秒","2013年02月04日19時04分05秒","0","0","0"
"ファイル操作","2013年02月04日19時04分05秒","2013年02月04日19時04分07秒","0","0","0"
"エクセル","2013年02月04日19時04分07秒","2013年02月04日19時04分20秒","0","0","0"
"ファイル操作","2013年02月04日19時04分20秒","2013年02月04日19時04分27秒","0","0","0"
"登録外","2013年02月04日19時04分27秒","2013年02月04日19時04分36秒","0","0","24"
"ファイル操作","2013年02月04日19時04分36秒","2013年02月04日19時04分37秒","0","0","0"
"登録外","2013年02月04日19時04分37秒","2013年02月04日19時04分42秒","0","0","0"
"登録外","2013年02月04日19時04分42秒","2013年02月04日19時04分47秒","0","0","0"
"登録外","2013年02月04日19時04分47秒","2013年02月04日19時04分51秒","0","0","0"
"登録外","2013年02月04日19時04分51秒","2013年02月04日19時04分54秒","0","0","0"
"登録外","2013年02月04日19時04分54秒","2013年02月04日19時05分11秒","0","0","0"
"エクセル","2013年02月04日19時05分11秒","2013年02月04日19時05分13秒","0","0","0"
"登録外","2013年02月04日19時05分13秒","2013年02月04日19時05分15秒","0","0","0"
"登録外","2013年02月04日19時05分15秒","2013年02月04日19時05分16秒","0","0","0"
"登録外","2013年02月04日19時05分16秒","2013年02月04日19時05分17秒","0","0","0"
"登録外","2013年02月04日19時05分17秒","2013年02月04日19時05分33秒","0","0","0"
"エクセル","2013年02月04日19時05分33秒","2013年02月04日19時07分07秒","0","0","33"
"ファイル操作","2013年02月04日19時07分07秒","2013年02月04日19時07分08秒","0","0","0"
"エクセル","2013年02月04日19時07分08秒","2013年02月04日19時07分20秒","0","0","2"
"ブラウザ","2013年02月04日19時07分20秒","2013年02月04日19時07分23秒","0","0","0"
"ブラウザ","2013年02月04日19時07分23秒","2013年02月04日19時07分30秒","0","0","1"
"ブラウザ","2013年02月04日19時07分30秒","2013年02月04日19時07分31秒","0","0","0"
"ブラウザ","2013年02月04日19時07分31秒","2013年02月04日19時07分41秒","0","0","0"
"ブラウザ","2013年02月04日19時07分41秒","2013年02月04日19時07分59秒","0","0","0"
"ブラウザ","2013年02月04日19時07分59秒","2013年02月04日19時08分06秒","0","0","0"
"ブラウザ","2013年02月04日19時08分06秒","2013年02月04日19時08分13秒","0","0","0"
"ファイル操作","2013年02月04日19時08分13秒","2013年02月04日19時08分20秒","0","0","0"
"ファイル操作","2013年02月04日19時08分20秒","2013年02月04日19時08分23秒","0","0","0"
"ブラウザ","2013年02月04日19時08分23秒","2013年02月04日19時08分24秒","0","0","0"
"ファイル操作","2013年02月04日19時08分24秒","2013年02月04日19時08分27秒","0","0","0"
"ファイル操作","2013年02月04日19時08分27秒","2013年02月04日19時08分32秒","0","0","0"
"ブラウザ","2013年02月04日19時08分32秒","2013年02月04日19時08分37秒","0","0","0"
"ブラウザ","2013年02月04日19時08分37秒","2013年02月04日19時10分17秒","0","0","99"
"ブラウザ","2013年02月04日19時10分17秒","2013年02月04日19時11分09秒","0","0","109"
"メール","2013年02月04日19時11分09秒","2013年02月04日19時11分22秒","0","0","0"
"ブラウザ","2013年02月04日19時11分22秒","2013年02月04日19時11分25秒","0","0","0"
"ファイル操作","2013年02月04日19時11分25秒","2013年02月04日19時11分45秒","0","0","0"
"ブラウザ","2013年02月04日19時11分45秒","2013年02月04日19時11分49秒","0","0","0"
"エクセル","2013年02月04日19時11分49秒","2013年02月04日19時11分51秒","0","0","0"
"ブラウザ","2013年02月04日19時11分51秒","2013年02月04日19時11分53秒","0","0","0"
"登録外","2013年02月04日19時11分53秒","2013年02月04日19時11分54秒","0","0","0"
"登録外","2013年02月04日19時11分54秒","2013年02月04日19時11分55秒","0","0","0"
"ブラウザ","2013年02月04日19時11分55秒","2013年02月04日19時11分56秒","0","0","0"
"ファイル操作","2013年02月04日19時11分56秒","2013年02月04日19時11分58秒","0","0","0"
"ブラウザ","2013年02月04日19時11分58秒","2013年02月04日19時12分00秒","0","0","0"
"登録外","2013年02月04日19時12分00秒","2013年02月04日19時12分07秒","0","0","2"
"登録外","2013年02月04日19時12分07秒","2013年02月04日19時12分13秒","0","0","1"
"登録外","2013年02月04日19時12分13秒","2013年02月04日19時12分15秒","0","0","0"
"ファイル操作","2013年02月04日19時12分16秒","2013年02月04日19時12分17秒","0","0","0"
"ファイル操作","2013年02月04日19時12分19秒","2013年02月04日19時12分20秒","0","0","0"
"ファイル操作","2013年02月04日19時12分20秒","2013年02月04日19時12分21秒","0","0","0"
"ファイル操作","2013年02月04日19時12分21秒","2013年02月04日19時12分22秒","0","0","0"
"ファイル操作","2013年02月04日19時12分22秒","2013年02月04日19時12分23秒","0","0","0"
"メール","2013年02月04日19時12分23秒","2013年02月04日19時12分27秒","0","0","0"
"ファイル操作","2013年02月04日19時12分27秒","2013年02月04日19時12分30秒","0","0","0"
"登録外","2013年02月04日19時12分30秒","2013年02月04日19時12分41秒","0","0","0"
"登録外","2013年02月04日19時12分41秒","2013年02月04日19時12分48秒","0","0","0"
"登録外","2013年02月04日19時12分48秒","2013年02月04日19時12分59秒","0","0","0"
"登録外","2013年02月04日19時12分59秒","2013年02月04日19時13分01秒","0","0","0"
"登録外","2013年02月04日19時13分01秒","2013年02月04日19時13分04秒","0","0","0"
"登録外","2013年02月04日19時13分04秒","2013年02月04日19時13分05秒","0","0","0"
"ファイル操作","2013年02月04日19時13分05秒","2013年02月04日19時13分07秒","0","0","0"
"ファイル操作","2013年02月04日19時13分07秒","2013年02月04日19時13分08秒","0","0","0"
"登録外","2013年02月04日19時13分08秒","2013年02月04日19時13分13秒","0","0","2"
"登録外","2013年02月04日19時13分13秒","2013年02月04日19時13分14秒","0","0","0"
"登録外","2013年02月04日19時13分14秒","2013年02月04日19時13分42秒","0","0","3"
"ファイル操作","2013年02月04日19時13分42秒","2013年02月04日19時13分45秒","0","0","0"
"ファイル操作","2013年02月04日19時13分45秒","2013年02月04日19時13分46秒","0","0","0"
"登録外","2013年02月04日19時13分46秒","2013年02月04日19時13分48秒","0","0","0"
"ファイル操作","2013年02月04日19時13分48秒","2013年02月04日19時13分50秒","0","0","0"
"ファイル操作","2013年02月04日19時13分50秒","2013年02月04日19時13分52秒","0","0","0"
"ファイル操作","2013年02月04日19時13分52秒","2013年02月04日19時13分53秒","0","0","0"
"ファイル操作","2013年02月04日19時13分53秒","2013年02月04日19時13分56秒","0","0","0"
"ファイル操作","2013年02月04日19時13分56秒","2013年02月04日19時13分57秒","0","0","0"
"ブラウザ","2013年02月04日19時13分57秒","2013年02月04日19時13分58秒","0","0","0"
"ブラウザ","2013年02月04日19時13分58秒","2013年02月04日19時14分00秒","0","0","0"
"ブラウザ","2013年02月04日19時14分00秒","2013年02月04日19時14分04秒","0","0","0"
"ブラウザ","2013年02月04日19時14分04秒","2013年02月04日19時14分34秒","0","0","2"
"ブラウザ","2013年02月04日19時14分34秒","2013年02月04日19時14分36秒","0","0","0"
"ブラウザ","2013年02月04日19時14分36秒","2013年02月04日19時14分40秒","0","0","0"
"ブラウザ","2013年02月04日19時14分40秒","2013年02月04日19時14分41秒","0","0","0"
"TaskPit","2013年02月04日19時14分41秒","2013年02月04日19時14分44秒","0","0","0"
"ファイル操作","2013年02月04日19時14分44秒","2013年02月04日19時14分46秒","0","0","0"
"ファイル操作","2013年02月04日19時14分46秒","2013年02月04日19時14分48秒","0","0","0"
"登録外","2013年02月04日19時14分48秒","2013年02月04日19時14分53秒","0","0","0"
"TaskPit","2013年02月04日19時14分53秒","2013年02月04日19時15分10秒","0","0","0"
"TaskPit","2013年02月04日19時15分10秒","2013年02月04日19時15分13秒","0","0","0"
"TaskPit","2013年02月04日19時15分13秒","2013年02月04日19時15分17秒","0","0","0"
"ファイル操作","2013年02月05日08時53分03秒","2013年02月05日08時53分10秒","0","0","0"
"ブラウザ","2013年02月05日08時53分10秒","2013年02月05日08時53分16秒","0","0","0"
"ブラウザ","2013年02月05日08時53分16秒","2013年02月05日08時53分21秒","1","0","0"
"ブラウザ","2013年02月05日08時53分21秒","2013年02月05日08時53分31秒","1","0","0"
"ブラウザ","2013年02月05日08時53分31秒","2013年02月05日08時53分34秒","1","0","0"
"ブラウザ","2013年02月05日08時53分34秒","2013年02月05日08時53分36秒","1","0","0"
"ブラウザ","2013年02月05日08時53分36秒","2013年02月05日08時53分38秒","2","0","0"
"ファイル操作","2013年02月05日08時53分38秒","2013年02月05日08時53分40秒","0","0","0"
"ブラウザ","2013年02月05日08時53分40秒","2013年02月05日08時53分42秒","2","0","0"
"ファイル操作","2013年02月05日08時53分42秒","2013年02月05日08時53分48秒","0","0","0"
"メール","2013年02月05日08時53分48秒","2013年02月05日08時53分50秒","0","0","0"
"メール","2013年02月05日08時53分50秒","2013年02月05日08時54分24秒","5","0","0"
"ブラウザ","2013年02月05日08時54分24秒","2013年02月05日08時54分26秒","1","0","0"
"ブラウザ","2013年02月05日08時54分26秒","2013年02月05日08時54分30秒","2","0","0"
"ブラウザ","2013年02月05日08時54分30秒","2013年02月05日08時54分31秒","0","0","0"
"ブラウザ","2013年02月05日08時54分31秒","2013年02月05日08時54分34秒","2","0","0"
"ブラウザ","2013年02月05日08時54分34秒","2013年02月05日08時54分38秒","1","0","0"
"ブラウザ","2013年02月05日08時54分38秒","2013年02月05日08時54分46秒","1","0","0"
"ブラウザ","2013年02月05日08時54分46秒","2013年02月05日08時55分05秒","1","0","0"
"ブラウザ","2013年02月05日08時55分05秒","2013年02月05日08時58分14秒","1","0","0"
"ブラウザ","2013年02月05日08時58分35秒","2013年02月05日08時58分36秒","2","0","0"
"メール","2013年02月05日08時58分36秒","2013年02月05日08時58分37秒","1","0","0"
"メール","2013年02月05日08時58分37秒","2013年02月05日08時58分39秒","1","0","0"
"メール","2013年02月05日08時58分39秒","2013年02月05日08時58分49秒","2","0","0"
"メール","2013年02月05日08時58分49秒","2013年02月05日08時59分09秒","2","1","0"
"メール","2013年02月05日08時59分09秒","2013年02月05日08時59分13秒","2","0","2"
"メール","2013年02月05日08時59分13秒","2013年02月05日08時59分51秒","18","0","23"
"メール","2013年02月05日08時59分51秒","2013年02月05日09時00分00秒","1","0","0"
"メール","2013年02月05日09時00分00秒","2013年02月05日09時02分54秒","0","0","0"
"メール","2013年02月05日09時03分38秒","2013年02月05日09時03分40秒","2","0","0"
"ブラウザ","2013年02月05日09時03分40秒","2013年02月05日09時03分51秒","1","0","0"
"メール","2013年02月05日09時03分51秒","2013年02月05日09時03分55秒","1","0","0"
"ブラウザ","2013年02月05日09時03分55秒","2013年02月05日09時03分57秒","1","0","0"
"ファイル操作","2013年02月05日09時03分57秒","2013年02月05日09時03分58秒","1","0","0"
"メール","2013年02月05日09時03分58秒","2013年02月05日09時04分11秒","4","0","0"
"ブラウザ","2013年02月05日09時04分11秒","2013年02月05日09時04分13秒","2","1","0"
"ブラウザ","2013年02月05日09時04分13秒","2013年02月05日09時04分14秒","0","0","0"
"ブラウザ","2013年02月05日09時04分14秒","2013年02月05日09時04分15秒","1","0","0"
"ブラウザ","2013年02月05日09時04分15秒","2013年02月05日09時04分17秒","1","0","0"
"ブラウザ","2013年02月05日09時04分17秒","2013年02月05日09時04分23秒","1","0","0"
"ブラウザ","2013年02月05日09時04分23秒","2013年02月05日09時04分32秒","1","0","0"
"ブラウザ","2013年02月05日09時04分32秒","2013年02月05日09時04分49秒","3","0","2"
"ブラウザ","2013年02月05日09時04分49秒","2013年02月05日09時05分00秒","2","0","1"
"ブラウザ","2013年02月05日09時05分00秒","2013年02月05日09時05分01秒","0","0","0"
"ブラウザ","2013年02月05日09時05分01秒","2013年02月05日09時05分08秒","2","0","0"
"ブラウザ","2013年02月05日09時05分08秒","2013年02月05日09時05分17秒","1","0","1"
"ブラウザ","2013年02月05日09時05分17秒","2013年02月05日09時05分56秒","2","0","1"
"ファイル操作","2013年02月05日09時05分56秒","2013年02月05日09時05分57秒","0","0","0"
"ブラウザ","2013年02月05日09時05分57秒","2013年02月05日09時06分03秒","0","0","0"
"登録外","2013年02月05日09時06分03秒","2013年02月05日09時06分17秒","0","0","19"
"ブラウザ","2013年02月05日09時06分17秒","2013年02月05日09時06分19秒","0","0","0"
"登録外","2013年02月05日09時06分19秒","2013年02月05日09時06分23秒","2","0","0"
"登録外","2013年02月05日09時06分23秒","2013年02月05日09時06分30秒","8","0","0"
"登録外","2013年02月05日09時06分30秒","2013年02月05日09時06分42秒","6","1","0"
"ブラウザ","2013年02月05日09時06分42秒","2013年02月05日09時06分56秒","1","0","0"
"登録外","2013年02月05日09時06分56秒","2013年02月05日09時06分59秒","1","0","0"
"ブラウザ","2013年02月05日09時06分59秒","2013年02月05日09時07分06秒","1","0","0"
"ブラウザ","2013年02月05日09時07分06秒","2013年02月05日09時07分19秒","2","0","2"
"ブラウザ","2013年02月05日09時07分19秒","2013年02月05日09時07分22秒","1","0","0"
"ブラウザ","2013年02月05日09時07分22秒","2013年02月05日09時07分29秒","1","0","0"
"ブラウザ","2013年02月05日09時07分29秒","2013年02月05日09時07分48秒","1","0","1"
"登録外","2013年02月05日09時07分48秒","2013年02月05日09時07分52秒","1","0","0"
"メール","2013年02月05日09時07分52秒","2013年02月05日09時07分55秒","2","0","0"
"登録外","2013年02月05日09時07分55秒","2013年02月05日09時07分57秒","1","0","0"
"ブラウザ","2013年02月05日09時07分57秒","2013年02月05日09時07分59秒","1","0","0"
"ブラウザ","2013年02月05日09時07分59秒","2013年02月05日09時09分23秒","4","0","0"
"登録外","2013年02月05日09時09分23秒","2013年02月05日09時09分55秒","3","0","0"
"ブラウザ","2013年02月05日09時09分55秒","2013年02月05日09時10分00秒","0","0","0"
"ブラウザ","2013年02月05日09時10分00秒","2013年02月05日09時10分09秒","2","0","0"
"登録外","2013年02月05日09時10分09秒","2013年02月05日09時10分12秒","1","0","0"
"ファイル操作","2013年02月05日09時10分12秒","2013年02月05日09時10分13秒","1","0","0"
"メール","2013年02月05日09時10分13秒","2013年02月05日09時10分18秒","2","0","0"
"登録外","2013年02月05日09時10分18秒","2013年02月05日09時10分39秒","1","0","0"
"登録外","2013年02月05日09時10分39秒","2013年02月05日09時10分52秒","4","0","0"
"登録外","2013年02月05日09時10分52秒","2013年02月05日09時10分59秒","3","1","0"
"登録外","2013年02月05日09時10分59秒","2013年02月05日09時11分00秒","0","0","0"
"登録外","2013年02月05日09時11分00秒","2013年02月05日09時11分01秒","0","0","0"
"登録外","2013年02月05日09時11分01秒","2013年02月05日09時11分02秒","0","0","1"
"登録外","2013年02月05日09時11分02秒","2013年02月05日09時12分10秒","21","11","0"
"ファイル操作","2013年02月05日09時12分10秒","2013年02月05日09時12分11秒","1","0","0"
"登録外","2013年02月05日09時12分11秒","2013年02月05日09時12分12秒","1","0","0"
"登録外","2013年02月05日09時12分12秒","2013年02月05日09時12分14秒","1","0","0"
"登録外","2013年02月05日09時12分14秒","2013年02月05日09時12分23秒","8","0","0"
"登録外","2013年02月05日09時12分23秒","2013年02月05日09時12分36秒","7","0","0"
"登録外","2013年02月05日09時12分36秒","2013年02月05日09時12分41秒","1","3","0"
"登録外","2013年02月05日09時12分41秒","2013年02月05日09時12分52秒","1","0","0"
"登録外","2013年02月05日09時12分52秒","2013年02月05日09時12分59秒","2","0","0"
"登録外","2013年02月05日09時12分59秒","2013年02月05日09時13分01秒","0","0","1"
"登録外","2013年02月05日09時13分01秒","2013年02月05日09時13分38秒","3","21","3"
"登録外","2013年02月05日09時13分38秒","2013年02月05日09時13分40秒","0","0","2"
"登録外","2013年02月05日09時13分40秒","2013年02月05日09時13分52秒","2","6","2"
"登録外","2013年02月05日09時13分52秒","2013年02月05日09時14分00秒","0","0","2"
"ファイル操作","2013年02月05日09時14分00秒","2013年02月05日09時14分16秒","3","0","0"
"エクセル","2013年02月05日09時14分16秒","2013年02月05日09時14分24秒","2","0","0"
"登録外","2013年02月05日09時14分25秒","2013年02月05日09時14分29秒","2","0","0"
"登録外","2013年02月05日09時14分29秒","2013年02月05日09時14分46秒","3","0","0"
"登録外","2013年02月05日09時14分49秒","2013年02月05日09時14分51秒","1","0","0"
"登録外","2013年02月05日09時14分51秒","2013年02月05日09時14分55秒","3","0","0"
"登録外","2013年02月05日09時14分55秒","2013年02月05日09時14分58秒","1","0","0"
"ブラウザ","2013年02月05日09時14分58秒","2013年02月05日09時15分00秒","1","0","0"
"ブラウザ","2013年02月05日09時15分00秒","2013年02月05日09時15分01秒","1","0","0"
"登録外","2013年02月05日09時15分01秒","2013年02月05日09時15分02秒","0","0","0"
"ブラウザ","2013年02月05日09時15分02秒","2013年02月05日09時15分07秒","1","0","0"
"登録外","2013年02月05日09時15分07秒","2013年02月05日09時15分12秒","1","0","0"
"ブラウザ","2013年02月05日09時15分12秒","2013年02月05日09時15分16秒","2","0","0"
"ブラウザ","2013年02月05日09時15分16秒","2013年02月05日09時15分18秒","1","0","0"
"ブラウザ","2013年02月05日09時15分18秒","2013年02月05日09時15分20秒","1","0","0"
"ブラウザ","2013年02月05日09時15分20秒","2013年02月05日09時15分44秒","2","0","0"
"ブラウザ","2013年02月05日09時15分44秒","2013年02月05日09時15分47秒","1","0","1"
"ブラウザ","2013年02月05日09時15分47秒","2013年02月05日09時15分48秒","1","0","0"
"ブラウザ","2013年02月05日09時15分48秒","2013年02月05日09時15分49秒","1","0","0"
"ブラウザ","2013年02月05日09時15分49秒","2013年02月05日09時15分50秒","1","0","0"
"ブラウザ","2013年02月05日09時15分50秒","2013年02月05日09時15分56秒","2","0","1"
"登録外","2013年02月05日09時15分56秒","2013年02月05日09時15分58秒","1","0","0"
"ブラウザ","2013年02月05日09時15分58秒","2013年02月05日09時15分59秒","1","0","0"
"エクセル","2013年02月05日09時15分59秒","2013年02月05日09時16分00秒","1","0","0"
"ブラウザ","2013年02月05日09時16分00秒","2013年02月05日09時16分14秒","1","0","0"
"ファイル操作","2013年02月05日09時16分15秒","2013年02月05日09時16分19秒","2","0","0"
"エクセル","2013年02月05日09時16分19秒","2013年02月05日09時16分20秒","0","0","0"
"エクセル","2013年02月05日09時16分20秒","2013年02月05日09時16分25秒","2","0","0"
"ブラウザ","2013年02月05日09時16分25秒","2013年02月05日09時16分29秒","1","0","0"
"エクセル","2013年02月05日09時16分29秒","2013年02月05日09時16分35秒","4","0","0"
"登録外","2013年02月05日09時16分35秒","2013年02月05日09時16分40秒","2","0","0"
"エクセル","2013年02月05日09時16分40秒","2013年02月05日09時16分57秒","9","0","35"
"登録外","2013年02月05日09時16分57秒","2013年02月05日09時17分02秒","1","0","0"
"エクセル","2013年02月05日09時17分02秒","2013年02月05日09時18分18秒","3","0","187"
"ブラウザ","2013年02月05日09時18分18秒","2013年02月05日09時18分20秒","2","0","0"
"ブラウザ","2013年02月05日09時18分20秒","2013年02月05日09時18分47秒","3","0","0"
"エクセル","2013年02月05日09時18分47秒","2013年02月05日09時19分43秒","8","0","19"
"ブラウザ","2013年02月05日09時19分43秒","2013年02月05日09時19分52秒","2","0","0"
"登録外","2013年02月05日09時19分52秒","2013年02月05日09時20分00秒","0","0","0"
"登録外","2013年02月05日09時20分00秒","2013年02月05日09時20分33秒","2","0","0"
"ブラウザ","2013年02月05日09時20分33秒","2013年02月05日09時20分35秒","1","0","0"
"エクセル","2013年02月05日09時20分35秒","2013年02月05日09時20分38秒","1","0","0"
"ブラウザ","2013年02月05日09時20分38秒","2013年02月05日09時20分40秒","1","0","0"
"エクセル","2013年02月05日09時20分40秒","2013年02月05日09時20分47秒","1","0","2"
"ブラウザ","2013年02月05日09時20分48秒","2013年02月05日09時20分49秒","1","0","0"
"ブラウザ","2013年02月05日09時20分49秒","2013年02月05日09時20分50秒","1","0","0"
"ブラウザ","2013年02月05日09時20分50秒","2013年02月05日09時21分00秒","1","0","3"
"ブラウザ","2013年02月05日09時21分00秒","2013年02月05日09時21分01秒","1","0","0"
"ブラウザ","2013年02月05日09時21分01秒","2013年02月05日09時21分19秒","5","0","0"
"ブラウザ","2013年02月05日09時21分19秒","2013年02月05日09時21分25秒","3","0","0"
"エクセル","2013年02月05日09時21分25秒","2013年02月05日09時21分31秒","1","0","0"
"エクセル","2013年02月05日09時21分31秒","2013年02月05日09時21分32秒","1","0","0"
"ブラウザ","2013年02月05日09時21分32秒","2013年02月05日09時21分41秒","1","0","0"
"ブラウザ","2013年02月05日09時21分41秒","2013年02月05日09時23分50秒","8","0","142"
"エクセル","2013年02月05日09時23分50秒","2013年02月05日09時24分15秒","1","0","0"
"登録外","2013年02月05日09時24分15秒","2013年02月05日09時24分22秒","3","0","0"
"エクセル","2013年02月05日09時24分22秒","2013年02月05日09時24分39秒","1","0","0"
"登録外","2013年02月05日09時24分39秒","2013年02月05日09時24分41秒","2","0","0"
"登録外","2013年02月05日09時24分41秒","2013年02月05日09時24分44秒","1","0","0"
"登録外","2013年02月05日09時24分44秒","2013年02月05日09時24分45秒","1","0","0"
"エクセル","2013年02月05日09時24分45秒","2013年02月05日09時25分00秒","0","0","0"
"エクセル","2013年02月05日09時25分00秒","2013年02月05日09時25分34秒","1","0","0"
"登録外","2013年02月05日09時25分34秒","2013年02月05日09時25分51秒","2","0","0"
"登録外","2013年02月05日09時25分51秒","2013年02月05日09時25分59秒","5","0","0"
"登録外","2013年02月05日09時25分59秒","2013年02月05日09時26分25秒","5","0","0"
"エクセル","2013年02月05日09時26分25秒","2013年02月05日09時27分04秒","1","0","0"
"登録外","2013年02月05日09時27分04秒","2013年02月05日09時27分24秒","5","0","0"
"登録外","2013年02月05日09時27分24秒","2013年02月05日09時27分26秒","0","1","0"
"登録外","2013年02月05日09時27分26秒","2013年02月05日09時27分29秒","2","1","0"
"登録外","2013年02月05日09時27分29秒","2013年02月05日09時27分32秒","1","0","0"
"登録外","2013年02月05日09時27分32秒","2013年02月05日09時27分42秒","2","0","0"
"登録外","2013年02月05日09時27分42秒","2013年02月05日09時27分51秒","6","1","0"
"登録外","2013年02月05日09時27分51秒","2013年02月05日09時27分52秒","1","0","0"
"登録外","2013年02月05日09時27分52秒","2013年02月05日09時27分59秒","2","0","0"
"登録外","2013年02月05日09時27分59秒","2013年02月05日09時28分09秒","7","0","0"
"登録外","2013年02月05日09時28分09秒","2013年02月05日09時28分10秒","1","0","0"
"登録外","2013年02月05日09時28分10秒","2013年02月05日09時28分11秒","1","0","0"
"登録外","2013年02月05日09時28分11秒","2013年02月05日09時28分22秒","1","0","0"
"登録外","2013年02月05日09時28分22秒","2013年02月05日09時28分27秒","1","0","0"
"登録外","2013年02月05日09時28分27秒","2013年02月05日09時28分34秒","1","0","0"
"登録外","2013年02月05日09時28分34秒","2013年02月05日09時28分44秒","1","0","0"
"登録外","2013年02月05日09時28分44秒","2013年02月05日09時28分55秒","2","0","0"
"登録外","2013年02月05日09時28分55秒","2013年02月05日09時29分05秒","3","0","0"
"登録外","2013年02月05日09時29分05秒","2013年02月05日09時29分10秒","1","0","0"
"登録外","2013年02月05日09時29分10秒","2013年02月05日09時29分23秒","1","0","0"
"登録外","2013年02月05日09時29分23秒","2013年02月05日09時29分30秒","1","0","0"
"登録外","2013年02月05日09時29分30秒","2013年02月05日09時29分32秒","1","0","0"
"登録外","2013年02月05日09時29分32秒","2013年02月05日09時29分35秒","1","0","0"
"登録外","2013年02月05日09時29分35秒","2013年02月05日09時29分52秒","13","2","0"
"登録外","2013年02月05日09時29分52秒","2013年02月05日09時30分01秒","3","0","0"
"登録外","2013年02月05日09時30分01秒","2013年02月05日09時30分02秒","0","0","0"
"登録外","2013年02月05日09時30分02秒","2013年02月05日09時30分04秒","1","0","0"
"登録外","2013年02月05日09時30分04秒","2013年02月05日09時30分06秒","2","0","0"
"登録外","2013年02月05日09時30分06秒","2013年02月05日09時30分19秒","4","0","0"
"登録外","2013年02月05日09時30分19秒","2013年02月05日09時30分21秒","1","0","0"
"登録外","2013年02月05日09時30分21秒","2013年02月05日09時30分25秒","1","0","0"
"登録外","2013年02月05日09時30分25秒","2013年02月05日09時30分27秒","1","0","0"
"登録外","2013年02月05日09時30分27秒","2013年02月05日09時30分31秒","1","0","0"
"メール","2013年02月05日09時30分33秒","2013年02月05日09時30分36秒","2","0","0"
"メール","2013年02月05日09時30分36秒","2013年02月05日09時30分45秒","4","0","0"
"ブラウザ","2013年02月05日09時30分45秒","2013年02月05日09時30分55秒","6","0","0"
"ブラウザ","2013年02月05日09時30分55秒","2013年02月05日09時30分57秒","1","0","0"
"ブラウザ","2013年02月05日09時30分57秒","2013年02月05日09時30分59秒","1","0","0"
"ブラウザ","2013年02月05日09時30分59秒","2013年02月05日09時31分02秒","1","0","0"
"ブラウザ","2013年02月05日09時31分02秒","2013年02月05日09時31分06秒","1","0","1"
"ブラウザ","2013年02月05日09時31分06秒","2013年02月05日09時31分15秒","5","0","0"
"ファイル操作","2013年02月05日09時31分15秒","2013年02月05日09時31分17秒","2","0","0"
"ブラウザ","2013年02月05日09時31分17秒","2013年02月05日09時31分25秒","5","0","1"
"ブラウザ","2013年02月05日09時31分25秒","2013年02月05日09時31分27秒","1","0","0"
"ブラウザ","2013年02月05日09時31分27秒","2013年02月05日09時31分28秒","1","0","0"
"ブラウザ","2013年02月05日09時31分28秒","2013年02月05日09時31分30秒","1","0","0"
"ブラウザ","2013年02月05日09時31分30秒","2013年02月05日09時31分32秒","1","0","0"
"ブラウザ","2013年02月05日09時31分32秒","2013年02月05日09時31分37秒","4","0","2"
"ファイル操作","2013年02月05日09時31分37秒","2013年02月05日09時31分39秒","2","0","0"
"ファイル操作","2013年02月05日09時31分39秒","2013年02月05日09時31分41秒","2","0","0"
"エクセル","2013年02月05日09時31分41秒","2013年02月05日09時31分42秒","1","0","0"
"エクセル","2013年02月05日09時31分42秒","2013年02月05日09時31分43秒","1","0","0"
"エクセル","2013年02月05日09時31分43秒","2013年02月05日09時31分44秒","0","0","0"
"エクセル","2013年02月05日09時31分44秒","2013年02月05日09時31分45秒","1","0","0"
"エクセル","2013年02月05日09時31分45秒","2013年02月05日09時31分55秒","6","0","2"
"エクセル","2013年02月05日09時31分55秒","2013年02月05日09時31分56秒","1","0","0"
"エクセル","2013年02月05日09時31分56秒","2013年02月05日09時31分57秒","1","0","0"
"ファイル操作","2013年02月05日09時31分57秒","2013年02月05日09時31分58秒","1","0","0"
"メール","2013年02月05日09時31分58秒","2013年02月05日09時32分01秒","1","0","0"
"ブラウザ","2013年02月05日09時32分01秒","2013年02月05日09時32分06秒","2","1","0"
"ブラウザ","2013年02月05日09時32分06秒","2013年02月05日09時32分10秒","1","0","0"
"ブラウザ","2013年02月05日09時32分10秒","2013年02月05日09時32分11秒","2","0","0"
"ブラウザ","2013年02月05日09時32分11秒","2013年02月05日09時32分15秒","4","0","0"
"ブラウザ","2013年02月05日09時32分15秒","2013年02月05日09時32分23秒","4","0","0"
"ブラウザ","2013年02月05日09時32分23秒","2013年02月05日09時32分29秒","2","0","0"
"ブラウザ","2013年02月05日09時32分29秒","2013年02月05日09時32分30秒","0","0","0"
"ファイル操作","2013年02月05日09時32分30秒","2013年02月05日09時32分31秒","1","0","0"
"ファイル操作","2013年02月05日09時32分31秒","2013年02月05日09時32分32秒","1","0","0"
"メール","2013年02月05日09時32分32秒","2013年02月05日09時32分38秒","2","0","0"
"ファイル操作","2013年02月05日09時32分38秒","2013年02月05日09時32分39秒","1","0","0"
"メール","2013年02月05日09時32分39秒","2013年02月05日09時32分42秒","2","0","0"
"メール","2013年02月05日09時32分42秒","2013年02月05日09時32分46秒","2","0","0"
"メール","2013年02月05日09時32分46秒","2013年02月05日09時32分52秒","8","0","0"
"メール","2013年02月05日09時32分52秒","2013年02月05日09時32分55秒","1","0","0"
"メール","2013年02月05日09時32分55秒","2013年02月05日09時32分57秒","1","0","0"
"ファイル操作","2013年02月05日09時32分57秒","2013年02月05日09時32分59秒","1","0","0"
"ブラウザ","2013年02月05日09時32分59秒","2013年02月05日09時33分02秒","2","0","0"
"ブラウザ","2013年02月05日09時33分02秒","2013年02月05日09時33分05秒","2","0","1"
"ブラウザ","2013年02月05日09時33分05秒","2013年02月05日09時33分07秒","2","0","0"
"ブラウザ","2013年02月05日09時33分07秒","2013年02月05日09時34分17秒","1","0","0"
"登録外","2013年02月05日09時34分17秒","2013年02月05日09時34分21秒","2","0","0"
"登録外","2013年02月05日09時34分21秒","2013年02月05日09時34分24秒","1","0","0"
"登録外","2013年02月05日09時34分24秒","2013年02月05日09時34分35秒","1","0","0"
"登録外","2013年02月05日09時34分35秒","2013年02月05日09時34分38秒","2","0","0"
"ファイル操作","2013年02月05日09時34分38秒","2013年02月05日09時34分39秒","1","0","0"
"登録外","2013年02月05日09時34分39秒","2013年02月05日09時34分40秒","0","0","0"
"登録外","2013年02月05日09時34分40秒","2013年02月05日09時34分42秒","0","0","0"
"登録外","2013年02月05日09時34分42秒","2013年02月05日09時34分46秒","1","0","8"
"登録外","2013年02月05日09時34分46秒","2013年02月05日09時35分01秒","4","0","26"
"登録外","2013年02月05日09時35分01秒","2013年02月05日09時36分35秒","10","0","79"
"登録外","2013年02月05日09時36分35秒","2013年02月05日09時36分41秒","1","0","0"
"登録外","2013年02月05日09時36分41秒","2013年02月05日09時36分42秒","0","0","0"
"登録外","2013年02月05日09時36分42秒","2013年02月05日09時38分09秒","25","0","0"
"登録外","2013年02月05日09時38分09秒","2013年02月05日09時38分22秒","3","0","0"
"登録外","2013年02月05日09時38分22秒","2013年02月05日09時38分31秒","4","0","0"
"登録外","2013年02月05日09時38分31秒","2013年02月05日09時38分33秒","1","0","0"
"登録外","2013年02月05日09時38分33秒","2013年02月05日09時38分55秒","9","0","0"
"登録外","2013年02月05日09時38分55秒","2013年02月05日09時38分56秒","1","0","0"
"登録外","2013年02月05日09時38分56秒","2013年02月05日09時39分03秒","2","0","0"
"登録外","2013年02月05日09時39分03秒","2013年02月05日09時39分04秒","1","0","0"
"登録外","2013年02月05日09時39分04秒","2013年02月05日09時39分06秒","1","0","0"
"登録外","2013年02月05日09時39分06秒","2013年02月05日09時39分08秒","1","0","0"
"登録外","2013年02月05日09時39分08秒","2013年02月05日09時39分09秒","1","0","0"
"登録外","2013年02月05日09時39分09秒","2013年02月05日09時39分18秒","1","0","0"
"登録外","2013年02月05日09時39分18秒","2013年02月05日09時39分21秒","2","0","0"
"登録外","2013年02月05日09時39分21秒","2013年02月05日09時39分50秒","5","0","0"
"登録外","2013年02月05日09時39分50秒","2013年02月05日09時39分52秒","1","0","0"
"登録外","2013年02月05日09時39分52秒","2013年02月05日09時39分53秒","1","0","0"
"登録外","2013年02月05日09時39分53秒","2013年02月05日09時40分00秒","5","0","0"
"登録外","2013年02月05日09時40分00秒","2013年02月05日09時40分01秒","0","0","0"
"登録外","2013年02月05日09時40分01秒","2013年02月05日09時40分20秒","2","0","0"
"登録外","2013年02月05日09時40分20秒","2013年02月05日09時40分35秒","1","0","0"
"登録外","2013年02月05日09時40分35秒","2013年02月05日09時40分56秒","8","0","0"
"登録外","2013年02月05日09時40分56秒","2013年02月05日09時40分59秒","1","0","0"
"登録外","2013年02月05日09時40分59秒","2013年02月05日09時41分02秒","1","0","0"
"登録外","2013年02月05日09時41分02秒","2013年02月05日09時41分21秒","2","0","0"
"登録外","2013年02月05日09時41分21秒","2013年02月05日09時41分32秒","4","0","0"
"登録外","2013年02月05日09時41分32秒","2013年02月05日09時41分37秒","1","0","0"
"登録外","2013年02月05日09時41分37秒","2013年02月05日09時41分39秒","1","0","0"
"登録外","2013年02月05日09時41分39秒","2013年02月05日09時41分43秒","2","0","0"
"登録外","2013年02月05日09時41分43秒","2013年02月05日09時41分50秒","3","0","0"
"登録外","2013年02月05日09時41分50秒","2013年02月05日09時41分52秒","0","0","1"
"登録外","2013年02月05日09時41分52秒","2013年02月05日09時41分57秒","1","0","0"
"登録外","2013年02月05日09時41分57秒","2013年02月05日09時41分58秒","0","0","2"
"登録外","2013年02月05日09時41分58秒","2013年02月05日09時42分03秒","2","0","1"
"登録外","2013年02月05日09時42分03秒","2013年02月05日09時42分04秒","0","0","1"
"登録外","2013年02月05日09時42分04秒","2013年02月05日09時42分05秒","0","0","0"
"登録外","2013年02月05日09時42分05秒","2013年02月05日09時42分06秒","0","0","2"
"登録外","2013年02月05日09時42分06秒","2013年02月05日09時42分09秒","1","0","1"
"登録外","2013年02月05日09時42分09秒","2013年02月05日09時42分10秒","0","0","1"
"登録外","2013年02月05日09時42分10秒","2013年02月05日09時42分13秒","2","0","2"
"登録外","2013年02月05日09時42分13秒","2013年02月05日09時42分15秒","1","0","2"
"登録外","2013年02月05日09時42分15秒","2013年02月05日09時42分17秒","2","0","0"
"登録外","2013年02月05日09時42分17秒","2013年02月05日09時42分19秒","1","0","0"
"登録外","2013年02月05日09時42分19秒","2013年02月05日09時42分20秒","1","0","0"
"登録外","2013年02月05日09時42分20秒","2013年02月05日09時42分21秒","1","0","0"
"ファイル操作","2013年02月05日09時42分21秒","2013年02月05日09時42分22秒","1","0","0"
"登録外","2013年02月05日09時42分22秒","2013年02月05日09時42分27秒","0","0","0"
"登録外","2013年02月05日09時42分27秒","2013年02月05日09時42分43秒","0","0","37"
"登録外","2013年02月05日09時42分43秒","2013年02月05日09時42分44秒","0","0","0"
"登録外","2013年02月05日09時42分44秒","2013年02月05日09時42分52秒","3","0","0"
"登録外","2013年02月05日09時42分52秒","2013年02月05日09時42分56秒","2","0","0"
"登録外","2013年02月05日09時42分56秒","2013年02月05日09時42分58秒","1","0","0"
"登録外","2013年02月05日09時42分58秒","2013年02月05日09時43分00秒","0","0","0"
"登録外","2013年02月05日09時43分00秒","2013年02月05日09時43分09秒","3","0","0"
"登録外","2013年02月05日09時43分09秒","2013年02月05日09時43分11秒","1","0","1"
"登録外","2013年02月05日09時43分11秒","2013年02月05日09時43分12秒","0","0","0"
"登録外","2013年02月05日09時43分12秒","2013年02月05日09時43分31秒","13","0","2"
"登録外","2013年02月05日09時43分31秒","2013年02月05日09時43分38秒","2","0","2"
"登録外","2013年02月05日09時43分38秒","2013年02月05日09時43分48秒","1","1","0"
"登録外","2013年02月05日09時43分48秒","2013年02月05日09時43分49秒","0","0","0"
"登録外","2013年02月05日09時43分49秒","2013年02月05日09時43分50秒","0","0","1"
"登録外","2013年02月05日09時43分50秒","2013年02月05日09時43分55秒","3","0","0"
"登録外","2013年02月05日09時43分55秒","2013年02月05日09時44分05秒","2","1","0"
"登録外","2013年02月05日09時44分05秒","2013年02月05日09時44分07秒","1","0","0"
"登録外","2013年02月05日09時44分07秒","2013年02月05日09時44分10秒","1","1","0"
"登録外","2013年02月05日09時44分10秒","2013年02月05日09時44分20秒","2","0","0"
"登録外","2013年02月05日09時44分20秒","2013年02月05日09時44分23秒","1","1","0"
"登録外","2013年02月05日09時44分23秒","2013年02月05日09時44分24秒","0","0","0"
"登録外","2013年02月05日09時44分24秒","2013年02月05日09時44分26秒","1","0","0"
"登録外","2013年02月05日09時44分26秒","2013年02月05日09時44分29秒","1","0","0"
"登録外","2013年02月05日09時44分29秒","2013年02月05日09時44分31秒","1","0","0"
"登録外","2013年02月05日09時44分31秒","2013年02月05日09時44分33秒","1","1","0"
"登録外","2013年02月05日09時44分33秒","2013年02月05日09時44分45秒","1","1","0"
"登録外","2013年02月05日09時44分45秒","2013年02月05日09時44分48秒","0","1","0"
"登録外","2013年02月05日09時44分48秒","2013年02月05日09時44分50秒","1","0","0"
"登録外","2013年02月05日09時44分50秒","2013年02月05日09時44分52秒","1","0","0"
"登録外","2013年02月05日09時44分52秒","2013年02月05日09時45分01秒","12","0","0"
"登録外","2013年02月05日09時45分01秒","2013年02月05日09時45分12秒","8","0","2"
"登録外","2013年02月05日09時45分12秒","2013年02月05日09時45分25秒","4","1","0"
"登録外","2013年02月05日09時45分25秒","2013年02月05日09時46分04秒","15","1","15"
"登録外","2013年02月05日09時46分04秒","2013年02月05日09時46分22秒","10","0","2"
"登録外","2013年02月05日09時46分22秒","2013年02月05日09時46分38秒","1","0","0"
"登録外","2013年02月05日09時46分38秒","2013年02月05日09時46分40秒","2","0","0"
"登録外","2013年02月05日09時46分40秒","2013年02月05日09時46分42秒","1","0","0"
"登録外","2013年02月05日09時46分42秒","2013年02月05日09時46分58秒","5","0","0"
"登録外","2013年02月05日09時46分58秒","2013年02月05日09時47分05秒","1","0","0"
"登録外","2013年02月05日09時47分05秒","2013年02月05日09時47分31秒","5","0","1"
"登録外","2013年02月05日09時47分31秒","2013年02月05日09時47分33秒","0","0","1"
"登録外","2013年02月05日09時47分33秒","2013年02月05日09時47分42秒","9","0","1"
"登録外","2013年02月05日09時47分42秒","2013年02月05日09時47分45秒","1","1","0"
"登録外","2013年02月05日09時47分45秒","2013年02月05日09時47分52秒","2","0","0"
"登録外","2013年02月05日09時47分52秒","2013年02月05日09時47分53秒","0","0","1"
"登録外","2013年02月05日09時47分53秒","2013年02月05日09時48分00秒","2","0","1"
"登録外","2013年02月05日09時48分00秒","2013年02月05日09時48分17秒","3","2","0"
"登録外","2013年02月05日09時48分17秒","2013年02月05日09時48分27秒","7","1","0"
"登録外","2013年02月05日09時48分27秒","2013年02月05日09時48分28秒","1","0","0"
"登録外","2013年02月05日09時48分28秒","2013年02月05日09時50分02秒","4","0","0"
"登録外","2013年02月05日09時50分02秒","2013年02月05日09時50分15秒","1","0","0"
"メール","2013年02月05日09時50分15秒","2013年02月05日09時50分30秒","5","0","0"
"登録外","2013年02月05日09時50分30秒","2013年02月05日09時50分32秒","1","0","0"
"登録外","2013年02月05日09時50分32秒","2013年02月05日09時50分38秒","1","0","0"
"登録外","2013年02月05日09時50分38秒","2013年02月05日09時50分39秒","0","0","1"
"登録外","2013年02月05日09時50分39秒","2013年02月05日09時50分46秒","5","0","0"
"登録外","2013年02月05日09時50分46秒","2013年02月05日09時50分47秒","1","0","1"
"登録外","2013年02月05日09時50分47秒","2013年02月05日09時50分48秒","0","0","1"
"登録外","2013年02月05日09時50分48秒","2013年02月05日09時51分16秒","6","0","4"
"登録外","2013年02月05日09時51分16秒","2013年02月05日09時51分17秒","0","0","2"
"登録外","2013年02月05日09時51分17秒","2013年02月05日09時51分27秒","2","0","8"
"登録外","2013年02月05日09時51分27秒","2013年02月05日09時51分59秒","20","0","1"
"登録外","2013年02月05日09時51分59秒","2013年02月05日09時52分03秒","0","0","0"
"登録外","2013年02月05日09時52分03秒","2013年02月05日09時52分18秒","0","0","11"
"登録外","2013年02月05日09時52分18秒","2013年02月05日09時52分21秒","1","0","1"
"登録外","2013年02月05日09時52分21秒","2013年02月05日09時52分24秒","0","0","0"
"登録外","2013年02月05日09時52分24秒","2013年02月05日09時52分28秒","0","0","12"
"登録外","2013年02月05日09時52分28秒","2013年02月05日09時52分31秒","3","0","0"
"登録外","2013年02月05日09時52分31秒","2013年02月05日09時52分33秒","1","0","0"
"登録外","2013年02月05日09時52分33秒","2013年02月05日09時52分50秒","5","0","1"
"登録外","2013年02月05日09時52分50秒","2013年02月05日09時52分51秒","1","0","0"
"登録外","2013年02月05日09時52分51秒","2013年02月05日09時53分37秒","1","0","0"
"ファイル操作","2013年02月05日09時53分37秒","2013年02月05日09時53分42秒","1","0","0"
"メール","2013年02月05日09時53分42秒","2013年02月05日09時53分45秒","2","0","0"
"メール","2013年02月05日09時53分45秒","2013年02月05日09時53分53秒","1","0","0"
"登録外","2013年02月05日09時53分53秒","2013年02月05日09時54分16秒","1","0","0"
"登録外","2013年02月05日09時54分16秒","2013年02月05日09時54分25秒","3","1","0"
"登録外","2013年02月05日09時54分25秒","2013年02月05日09時54分36秒","9","0","1"
"登録外","2013年02月05日09時54分36秒","2013年02月05日09時55分02秒","8","0","1"
"登録外","2013年02月05日09時55分02秒","2013年02月05日09時55分50秒","7","0","19"
"登録外","2013年02月05日09時55分50秒","2013年02月05日09時55分51秒","1","0","0"
"登録外","2013年02月05日09時55分51秒","2013年02月05日09時55分52秒","2","0","0"
"登録外","2013年02月05日09時55分52秒","2013年02月05日09時55分53秒","1","0","0"
"登録外","2013年02月05日09時55分53秒","2013年02月05日09時55分58秒","1","1","0"
"登録外","2013年02月05日09時55分58秒","2013年02月05日09時55分59秒","1","1","0"
"登録外","2013年02月05日09時55分59秒","2013年02月05日09時56分16秒","5","0","0"
"登録外","2013年02月05日09時56分16秒","2013年02月05日09時56分21秒","1","0","0"
"登録外","2013年02月05日09時56分21秒","2013年02月05日09時56分23秒","1","0","0"
"登録外","2013年02月05日09時56分23秒","2013年02月05日09時56分25秒","2","0","0"
"ファイル操作","2013年02月05日09時56分25秒","2013年02月05日09時56分30秒","3","0","0"
"登録外","2013年02月05日09時56分30秒","2013年02月05日09時56分35秒","0","0","0"
"登録外","2013年02月05日09時56分35秒","2013年02月05日09時56分52秒","3","0","22"
"登録外","2013年02月05日09時56分52秒","2013年02月05日09時56分56秒","1","0","0"
"登録外","2013年02月05日09時56分56秒","2013年02月05日09時57分14秒","1","0","0"
"登録外","2013年02月05日09時57分14秒","2013年02月05日09時57分19秒","1","0","0"
"登録外","2013年02月05日09時57分19秒","2013年02月05日09時57分29秒","3","0","0"
"登録外","2013年02月05日09時57分29秒","2013年02月05日09時58分12秒","9","0","2"
"登録外","2013年02月05日09時58分12秒","2013年02月05日09時58分17秒","1","0","0"
"登録外","2013年02月05日09時58分17秒","2013年02月05日09時58分53秒","8","1","0"
"登録外","2013年02月05日09時58分53秒","2013年02月05日09時59分03秒","2","0","0"
"登録外","2013年02月05日09時59分03秒","2013年02月05日09時59分58秒","16","1","5"
"登録外","2013年02月05日09時59分58秒","2013年02月05日10時00分02秒","0","0","0"
"登録外","2013年02月05日10時00分02秒","2013年02月05日10時00分08秒","2","0","0"
"登録外","2013年02月05日10時00分08秒","2013年02月05日10時00分19秒","2","0","0"
"登録外","2013年02月05日10時00分19秒","2013年02月05日10時00分21秒","2","0","0"
"登録外","2013年02月05日10時00分21秒","2013年02月05日10時00分24秒","1","1","0"
"登録外","2013年02月05日10時00分24秒","2013年02月05日10時00分30秒","3","0","0"
"登録外","2013年02月05日10時00分31秒","2013年02月05日10時00分33秒","1","0","0"
"登録外","2013年02月05日10時00分33秒","2013年02月05日10時00分47秒","7","0","0"
"登録外","2013年02月05日10時00分47秒","2013年02月05日10時00分52秒","1","0","0"
"登録外","2013年02月05日10時00分52秒","2013年02月05日10時00分59秒","2","0","0"
"登録外","2013年02月05日10時00分59秒","2013年02月05日10時01分15秒","9","1","0"
"登録外","2013年02月05日10時01分15秒","2013年02月05日10時01分17秒","1","0","0"
"登録外","2013年02月05日10時01分17秒","2013年02月05日10時01分19秒","0","0","0"
"登録外","2013年02月05日10時01分19秒","2013年02月05日10時01分32秒","3","0","0"
"登録外","2013年02月05日10時01分32秒","2013年02月05日10時01分33秒","1","0","0"
"登録外","2013年02月05日10時01分33秒","2013年02月05日10時01分36秒","1","0","0"
"登録外","2013年02月05日10時01分36秒","2013年02月05日10時02分04秒","11","0","0"
"登録外","2013年02月05日10時02分04秒","2013年02月05日10時02分10秒","2","0","0"
"登録外","2013年02月05日10時02分10秒","2013年02月05日10時02分11秒","0","0","0"
"登録外","2013年02月05日10時02分11秒","2013年02月05日10時02分12秒","2","0","0"
"登録外","2013年02月05日10時02分12秒","2013年02月05日10時02分14秒","1","0","0"
"登録外","2013年02月05日10時02分14秒","2013年02月05日10時02分15秒","1","0","0"
"ファイル操作","2013年02月05日10時02分15秒","2013年02月05日10時02分18秒","1","0","8"
"登録外","2013年02月05日10時02分20秒","2013年02月05日10時02分38秒","0","0","0"
"登録外","2013年02月05日10時02分38秒","2013年02月05日10時02分41秒","1","0","8"
"登録外","2013年02月05日10時02分41秒","2013年02月05日10時02分42秒","0","0","0"
"登録外","2013年02月05日10時02分42秒","2013年02月05日10時02分45秒","1","0","0"
"登録外","2013年02月05日10時02分45秒","2013年02月05日10時02分47秒","2","0","0"
"登録外","2013年02月05日10時02分47秒","2013年02月05日10時02分48秒","0","0","0"
"登録外","2013年02月05日10時02分48秒","2013年02月05日10時02分52秒","1","0","0"
"登録外","2013年02月05日10時02分52秒","2013年02月05日10時03分26秒","0","0","24"
"登録外","2013年02月05日10時03分26秒","2013年02月05日10時03分38秒","3","0","0"
"登録外","2013年02月05日10時03分38秒","2013年02月05日10時03分44秒","4","0","0"
"登録外","2013年02月05日10時03分44秒","2013年02月05日10時03分51秒","5","0","0"
"登録外","2013年02月05日10時03分51秒","2013年02月05日10時03分53秒","1","0","0"
"登録外","2013年02月05日10時03分53秒","2013年02月05日10時04分21秒","6","0","7"
"登録外","2013年02月05日10時04分22秒","2013年02月05日10時05分02秒","9","0","10"
"登録外","2013年02月05日10時05分02秒","2013年02月05日10時06分38秒","7","0","0"
"登録外","2013年02月05日10時06分38秒","2013年02月05日10時07分14秒","1","0","2"
"登録外","2013年02月05日10時07分14秒","2013年02月05日10時08分25秒","13","0","27"
"登録外","2013年02月05日10時08分25秒","2013年02月05日10時08分28秒","2","1","0"
"登録外","2013年02月05日10時08分28秒","2013年02月05日10時08分29秒","1","0","0"
"登録外","2013年02月05日10時08分29秒","2013年02月05日10時08分32秒","2","0","0"
"登録外","2013年02月05日10時08分32秒","2013年02月05日10時09分02秒","10","1","0"
"登録外","2013年02月05日10時09分02秒","2013年02月05日10時09分06秒","2","0","0"
"登録外","2013年02月05日10時09分06秒","2013年02月05日10時09分08秒","1","0","2"
"登録外","2013年02月05日10時09分08秒","2013年02月05日10時09分12秒","1","0","0"
"登録外","2013年02月05日10時09分12秒","2013年02月05日10時10分03秒","9","0","57"
"登録外","2013年02月05日10時10分03秒","2013年02月05日10時10分38秒","9","0","6"
"登録外","2013年02月05日10時10分38秒","2013年02月05日10時10分39秒","1","0","0"
"登録外","2013年02月05日10時10分39秒","2013年02月05日10時10分40秒","0","0","0"
"登録外","2013年02月05日10時10分40秒","2013年02月05日10時10分45秒","4","0","0"
"登録外","2013年02月05日10時10分45秒","2013年02月05日10時10分47秒","2","0","0"
"登録外","2013年02月05日10時10分47秒","2013年02月05日10時10分51秒","1","1","0"
"登録外","2013年02月05日10時10分51秒","2013年02月05日10時11分04秒","2","0","0"
"登録外","2013年02月05日10時11分04秒","2013年02月05日10時11分12秒","4","0","0"
"登録外","2013年02月05日10時11分12秒","2013年02月05日10時11分15秒","1","1","0"
"登録外","2013年02月05日10時11分15秒","2013年02月05日10時11分33秒","2","0","0"
"登録外","2013年02月05日10時11分33秒","2013年02月05日10時11分52秒","18","0","0"
"登録外","2013年02月05日10時11分52秒","2013年02月05日10時11分53秒","1","0","0"
"登録外","2013年02月05日10時11分53秒","2013年02月05日10時11分58秒","3","0","0"
"登録外","2013年02月05日10時11分58秒","2013年02月05日10時12分15秒","5","0","0"
"登録外","2013年02月05日10時12分15秒","2013年02月05日10時12分16秒","0","0","0"
"登録外","2013年02月05日10時12分16秒","2013年02月05日10時12分19秒","1","0","0"
"登録外","2013年02月05日10時12分19秒","2013年02月05日10時12分28秒","3","1","0"
"登録外","2013年02月05日10時12分28秒","2013年02月05日10時12分30秒","1","0","0"
"登録外","2013年02月05日10時12分30秒","2013年02月05日10時12分39秒","2","0","0"
"登録外","2013年02月05日10時12分39秒","2013年02月05日10時12分44秒","1","1","0"
"登録外","2013年02月05日10時12分44秒","2013年02月05日10時12分46秒","1","0","0"
"登録外","2013年02月05日10時12分46秒","2013年02月05日10時12分47秒","2","0","0"
"登録外","2013年02月05日10時12分47秒","2013年02月05日10時12分57秒","1","1","0"
"登録外","2013年02月05日10時12分57秒","2013年02月05日10時13分01秒","2","0","0"
"登録外","2013年02月05日10時13分01秒","2013年02月05日10時13分02秒","1","0","0"
"登録外","2013年02月05日10時13分02秒","2013年02月05日10時13分04秒","1","0","0"
"登録外","2013年02月05日10時13分04秒","2013年02月05日10時13分06秒","1","0","0"
"登録外","2013年02月05日10時13分06秒","2013年02月05日10時13分08秒","1","0","0"
"登録外","2013年02月05日10時13分08秒","2013年02月05日10時13分13秒","1","0","0"
"登録外","2013年02月05日10時13分13秒","2013年02月05日10時13分14秒","1","0","0"
"登録外","2013年02月05日10時13分14秒","2013年02月05日10時13分17秒","3","0","0"
"登録外","2013年02月05日10時13分17秒","2013年02月05日10時13分19秒","1","0","0"
"登録外","2013年02月05日10時13分19秒","2013年02月05日10時13分22秒","1","0","0"
"登録外","2013年02月05日10時13分22秒","2013年02月05日10時13分38秒","2","0","0"
"登録外","2013年02月05日10時13分38秒","2013年02月05日10時13分47秒","3","0","0"
"登録外","2013年02月05日10時13分47秒","2013年02月05日10時13分51秒","2","0","0"
"メール","2013年02月05日10時13分51秒","2013年02月05日10時13分56秒","1","0","2"
"ファイル操作","2013年02月05日10時13分56秒","2013年02月05日10時14分28秒","7","1","23"
"ファイル操作","2013年02月05日10時14分28秒","2013年02月05日10時14分31秒","1","0","0"
"ファイル操作","2013年02月05日10時14分31秒","2013年02月05日10時14分32秒","0","0","0"
"ファイル操作","2013年02月05日10時14分32秒","2013年02月05日10時14分33秒","2","0","0"
"ファイル操作","2013年02月05日10時14分33秒","2013年02月05日10時14分35秒","2","0","0"
"ファイル操作","2013年02月05日10時14分35秒","2013年02月05日10時15分03秒","0","0","0"
"ファイル操作","2013年02月05日10時15分03秒","2013年02月05日10時15分06秒","1","0","0"
"ファイル操作","2013年02月05日10時15分06秒","2013年02月05日10時15分13秒","0","1","0"
"ファイル操作","2013年02月05日10時15分13秒","2013年02月05日10時15分16秒","1","0","0"
"ファイル操作","2013年02月05日10時15分16秒","2013年02月05日10時15分21秒","3","0","0"
"登録外","2013年02月05日10時15分21秒","2013年02月05日10時15分22秒","1","0","0"
"ファイル操作","2013年02月05日10時15分22秒","2013年02月05日10時15分25秒","1","0","0"
"登録外","2013年02月05日10時15分25秒","2013年02月05日10時15分33秒","2","1","0"
"登録外","2013年02月05日10時15分33秒","2013年02月05日10時15分36秒","2","0","0"
"登録外","2013年02月05日10時15分36秒","2013年02月05日10時16分19秒","6","0","0"
"登録外","2013年02月05日10時16分19秒","2013年02月05日10時16分34秒","2","2","0"
"登録外","2013年02月05日10時16分34秒","2013年02月05日10時16分42秒","4","1","0"
"登録外","2013年02月05日10時16分42秒","2013年02月05日10時16分45秒","1","0","0"
"登録外","2013年02月05日10時16分45秒","2013年02月05日10時16分49秒","4","0","0"
"登録外","2013年02月05日10時16分49秒","2013年02月05日10時16分53秒","3","1","0"
"登録外","2013年02月05日10時16分53秒","2013年02月05日10時16分55秒","1","0","0"
"登録外","2013年02月05日10時16分55秒","2013年02月05日10時16分56秒","0","0","0"
"登録外","2013年02月05日10時16分56秒","2013年02月05日10時16分58秒","2","0","0"
"登録外","2013年02月05日10時16分58秒","2013年02月05日10時17分03秒","1","1","0"
"登録外","2013年02月05日10時17分03秒","2013年02月05日10時17分05秒","2","0","0"
"登録外","2013年02月05日10時17分05秒","2013年02月05日10時17分30秒","1","1","0"
"登録外","2013年02月05日10時17分30秒","2013年02月05日10時17分34秒","1","0","0"
"登録外","2013年02月05日10時17分34秒","2013年02月05日10時17分46秒","6","0","0"
"登録外","2013年02月05日10時17分46秒","2013年02月05日10時17分50秒","1","1","0"
"登録外","2013年02月05日10時17分50秒","2013年02月05日10時17分53秒","1","0","0"
"登録外","2013年02月05日10時17分53秒","2013年02月05日10時18分01秒","5","0","0"
"登録外","2013年02月05日10時18分01秒","2013年02月05日10時18分06秒","3","1","0"
"登録外","2013年02月05日10時18分06秒","2013年02月05日10時18分14秒","1","0","0"
"登録外","2013年02月05日10時18分14秒","2013年02月05日10時18分16秒","1","0","0"
"登録外","2013年02月05日10時18分16秒","2013年02月05日10時18分34秒","11","0","0"
"登録外","2013年02月05日10時18分34秒","2013年02月05日10時18分43秒","3","0","0"
"登録外","2013年02月05日10時18分43秒","2013年02月05日10時18分53秒","4","0","0"
"登録外","2013年02月05日10時18分53秒","2013年02月05日10時19分13秒","5","0","0"
"登録外","2013年02月05日10時19分13秒","2013年02月05日10時19分16秒","2","0","0"
"登録外","2013年02月05日10時19分16秒","2013年02月05日10時19分22秒","1","0","0"
"登録外","2013年02月05日10時19分22秒","2013年02月05日10時19分26秒","2","0","0"
"登録外","2013年02月05日10時19分26秒","2013年02月05日10時19分27秒","1","0","0"
"登録外","2013年02月05日10時19分27秒","2013年02月05日10時19分28秒","0","0","0"
"登録外","2013年02月05日10時19分28秒","2013年02月05日10時19分40秒","1","0","0"
"登録外","2013年02月05日10時19分40秒","2013年02月05日10時19分48秒","3","0","0"
"登録外","2013年02月05日10時19分48秒","2013年02月05日10時19分49秒","1","0","0"
"登録外","2013年02月05日10時19分49秒","2013年02月05日10時19分52秒","1","0","0"
"登録外","2013年02月05日10時19分52秒","2013年02月05日10時19分53秒","1","0","0"
"登録外","2013年02月05日10時19分53秒","2013年02月05日10時19分56秒","3","0","0"
"登録外","2013年02月05日10時19分56秒","2013年02月05日10時20分03秒","1","0","0"
"登録外","2013年02月05日10時20分03秒","2013年02月05日10時20分22秒","3","0","0"
"登録外","2013年02月05日10時20分22秒","2013年02月05日10時20分23秒","0","0","0"
"登録外","2013年02月05日10時20分23秒","2013年02月05日10時20分28秒","1","0","0"
"登録外","2013年02月05日10時20分28秒","2013年02月05日10時20分31秒","1","0","0"
"登録外","2013年02月05日10時20分31秒","2013年02月05日10時20分40秒","1","0","0"
"登録外","2013年02月05日10時20分40秒","2013年02月05日10時21分49秒","0","0","0"
"登録外","2013年02月05日10時21分49秒","2013年02月05日10時21分55秒","1","0","0"
"ブラウザ","2013年02月05日10時21分55秒","2013年02月05日10時21分57秒","1","0","0"
"ブラウザ","2013年02月05日10時21分57秒","2013年02月05日10時22分00秒","1","0","0"
"ブラウザ","2013年02月05日10時22分00秒","2013年02月05日10時22分08秒","1","0","0"
"ブラウザ","2013年02月05日10時22分08秒","2013年02月05日10時22分19秒","1","0","0"
"ブラウザ","2013年02月05日10時22分19秒","2013年02月05日10時22分21秒","1","0","0"
"ブラウザ","2013年02月05日10時22分21秒","2013年02月05日10時22分23秒","1","0","0"
"ブラウザ","2013年02月05日10時22分23秒","2013年02月05日10時22分24秒","1","0","0"
"登録外","2013年02月05日10時22分24秒","2013年02月05日10時22分27秒","2","0","0"
"ファイル操作","2013年02月05日10時22分27秒","2013年02月05日10時22分28秒","0","0","0"
"登録外","2013年02月05日10時22分28秒","2013年02月05日10時22分31秒","1","0","0"
"登録外","2013年02月05日10時22分31秒","2013年02月05日10時22分33秒","1","0","0"
"登録外","2013年02月05日10時22分33秒","2013年02月05日10時22分50秒","5","0","0"
"登録外","2013年02月05日10時22分50秒","2013年02月05日10時22分53秒","1","0","0"
"登録外","2013年02月05日10時22分53秒","2013年02月05日10時23分22秒","4","0","0"
"登録外","2013年02月05日10時23分22秒","2013年02月05日10時23分54秒","0","0","0"
"登録外","2013年02月05日10時23分54秒","2013年02月05日10時24分03秒","1","0","0"
"登録外","2013年02月05日10時24分03秒","2013年02月05日10時24分06秒","0","0","0"
"登録外","2013年02月05日10時24分06秒","2013年02月05日10時24分08秒","1","0","0"
"登録外","2013年02月05日10時24分08秒","2013年02月05日10時24分09秒","1","0","0"
"登録外","2013年02月05日10時24分09秒","2013年02月05日10時24分11秒","1","0","0"
"登録外","2013年02月05日10時24分11秒","2013年02月05日10時24分18秒","2","0","0"
"登録外","2013年02月05日10時24分18秒","2013年02月05日10時24分32秒","3","0","0"
"登録外","2013年02月05日10時24分32秒","2013年02月05日10時24分34秒","1","0","0"
"登録外","2013年02月05日10時24分34秒","2013年02月05日10時24分39秒","1","0","0"
"登録外","2013年02月05日10時24分39秒","2013年02月05日10時24分41秒","2","0","0"
"登録外","2013年02月05日10時24分41秒","2013年02月05日10時24分42秒","1","0","0"
"登録外","2013年02月05日10時24分42秒","2013年02月05日10時24分47秒","1","0","0"
"登録外","2013年02月05日10時24分47秒","2013年02月05日10時24分49秒","2","0","0"
"登録外","2013年02月05日10時24分49秒","2013年02月05日10時24分55秒","1","0","0"
"登録外","2013年02月05日10時24分55秒","2013年02月05日10時25分03秒","3","0","0"
"登録外","2013年02月05日10時25分03秒","2013年02月05日10時26分31秒","19","0","0"
"登録外","2013年02月05日10時26分31秒","2013年02月05日10時26分34秒","2","0","0"
"登録外","2013年02月05日10時26分34秒","2013年02月05日10時27分16秒","1","0","0"
"登録外","2013年02月05日10時27分16秒","2013年02月05日10時27分23秒","1","0","0"
"登録外","2013年02月05日10時27分23秒","2013年02月05日10時27分24秒","1","0","0"
"登録外","2013年02月05日10時27分24秒","2013年02月05日10時27分27秒","2","0","0"
"登録外","2013年02月05日10時27分27秒","2013年02月05日10時27分29秒","1","0","0"
"登録外","2013年02月05日10時27分29秒","2013年02月05日10時27分32秒","1","0","0"
"登録外","2013年02月05日10時27分32秒","2013年02月05日10時27分35秒","1","0","0"
"登録外","2013年02月05日10時27分35秒","2013年02月05日10時27分38秒","1","0","0"
"登録外","2013年02月05日10時27分38秒","2013年02月05日10時27分42秒","1","0","0"
"登録外","2013年02月05日10時27分42秒","2013年02月05日10時28分02秒","1","0","0"
"登録外","2013年02月05日10時28分02秒","2013年02月05日10時28分06秒","1","0","0"
"登録外","2013年02月05日10時28分06秒","2013年02月05日10時28分18秒","1","0","0"
"登録外","2013年02月05日10時28分18秒","2013年02月05日10時28分20秒","1","0","0"
"登録外","2013年02月05日10時28分20秒","2013年02月05日10時28分21秒","1","0","0"
"登録外","2013年02月05日10時28分21秒","2013年02月05日10時28分24秒","1","0","0"
"登録外","2013年02月05日10時28分24秒","2013年02月05日10時28分27秒","1","0","0"
"登録外","2013年02月05日10時28分27秒","2013年02月05日10時29分32秒","2","0","0"
"ファイル操作","2013年02月05日10時29分32秒","2013年02月05日10時29分33秒","1","0","0"
"登録外","2013年02月05日10時29分34秒","2013年02月05日10時29分38秒","3","0","0"
"ファイル操作","2013年02月05日10時29分38秒","2013年02月05日10時29分40秒","2","0","0"
"ファイル操作","2013年02月05日10時29分40秒","2013年02月05日10時29分41秒","2","0","0"
"ファイル操作","2013年02月05日10時29分41秒","2013年02月05日10時29分43秒","2","0","0"
"ファイル操作","2013年02月05日10時29分43秒","2013年02月05日10時29分51秒","1","0","0"
"登録外","2013年02月05日10時29分51秒","2013年02月05日10時29分54秒","1","0","0"
"ファイル操作","2013年02月05日10時29分54秒","2013年02月05日10時29分57秒","1","1","0"
"登録外","2013年02月05日10時29分57秒","2013年02月05日10時30分01秒","2","0","0"
"登録外","2013年02月05日10時30分01秒","2013年02月05日10時30分03秒","0","0","0"
"登録外","2013年02月05日10時30分03秒","2013年02月05日10時30分08秒","1","0","0"
"登録外","2013年02月05日10時30分08秒","2013年02月05日10時30分11秒","2","0","0"
"登録外","2013年02月05日10時30分11秒","2013年02月05日10時30分13秒","1","0","2"
"登録外","2013年02月05日10時30分13秒","2013年02月05日10時30分14秒","0","0","3"
"登録外","2013年02月05日10時30分14秒","2013年02月05日10時30分27秒","11","0","2"
"登録外","2013年02月05日10時30分27秒","2013年02月05日10時30分58秒","2","0","18"
"登録外","2013年02月05日10時30分58秒","2013年02月05日10時31分36秒","4","0","28"
"ファイル操作","2013年02月05日10時31分36秒","2013年02月05日10時31分38秒","0","0","0"
"登録外","2013年02月05日10時31分38秒","2013年02月05日10時31分39秒","1","0","0"
"登録外","2013年02月05日10時31分39秒","2013年02月05日10時31分42秒","1","0","0"
"登録外","2013年02月05日10時31分42秒","2013年02月05日10時31分45秒","2","0","0"
"登録外","2013年02月05日10時31分45秒","2013年02月05日10時32分05秒","3","0","24"
"登録外","2013年02月05日10時32分05秒","2013年02月05日10時32分06秒","1","0","3"
"登録外","2013年02月05日10時32分06秒","2013年02月05日10時32分12秒","1","0","0"
"登録外","2013年02月05日10時32分12秒","2013年02月05日10時32分19秒","2","0","0"
"登録外","2013年02月05日10時32分19秒","2013年02月05日10時32分23秒","1","0","0"
"登録外","2013年02月05日10時32分23秒","2013年02月05日10時32分25秒","1","0","0"
"登録外","2013年02月05日10時32分25秒","2013年02月05日10時32分30秒","1","0","0"
"登録外","2013年02月05日10時32分30秒","2013年02月05日10時32分38秒","2","0","0"
"登録外","2013年02月05日10時32分38秒","2013年02月05日10時33分02秒","1","0","0"
"登録外","2013年02月05日10時33分02秒","2013年02月05日10時33分10秒","1","0","2"
"登録外","2013年02月05日10時33分10秒","2013年02月05日10時33分11秒","0","0","3"
"登録外","2013年02月05日10時33分11秒","2013年02月05日10時33分13秒","2","0","0"
"登録外","2013年02月05日10時33分13秒","2013年02月05日10時33分16秒","1","0","0"
"登録外","2013年02月05日10時33分16秒","2013年02月05日10時33分21秒","2","0","0"
"登録外","2013年02月05日10時33分21秒","2013年02月05日10時33分29秒","4","0","4"
"登録外","2013年02月05日10時33分29秒","2013年02月05日10時33分32秒","2","0","2"
"登録外","2013年02月05日10時33分32秒","2013年02月05日10時33分35秒","0","0","0"
"登録外","2013年02月05日10時33分35秒","2013年02月05日10時33分43秒","1","0","4"
"登録外","2013年02月05日10時33分43秒","2013年02月05日10時33分46秒","0","0","2"
"登録外","2013年02月05日10時33分46秒","2013年02月05日10時33分47秒","1","0","1"
"登録外","2013年02月05日10時33分47秒","2013年02月05日10時33分48秒","1","0","0"
"登録外","2013年02月05日10時33分48秒","2013年02月05日10時33分52秒","1","0","0"
"登録外","2013年02月05日10時33分52秒","2013年02月05日10時34分03秒","2","0","0"
"登録外","2013年02月05日10時34分03秒","2013年02月05日10時34分10秒","5","0","2"
"登録外","2013年02月05日10時34分10秒","2013年02月05日10時34分21秒","0","0","2"
"登録外","2013年02月05日10時34分21秒","2013年02月05日10時34分23秒","1","0","1"
"登録外","2013年02月05日10時34分23秒","2013年02月05日10時34分29秒","1","0","0"
"登録外","2013年02月05日10時34分29秒","2013年02月05日10時34分41秒","4","0","0"
"登録外","2013年02月05日10時34分41秒","2013年02月05日10時34分43秒","2","0","0"
"登録外","2013年02月05日10時34分43秒","2013年02月05日10時34分57秒","2","0","0"
"登録外","2013年02月05日10時34分57秒","2013年02月05日10時34分59秒","1","0","2"
"登録外","2013年02月05日10時34分59秒","2013年02月05日10時35分03秒","0","0","0"
"登録外","2013年02月05日10時35分03秒","2013年02月05日10時35分05秒","2","0","2"
"登録外","2013年02月05日10時35分05秒","2013年02月05日10時35分08秒","3","0","4"
"登録外","2013年02月05日10時35分08秒","2013年02月05日10時35分09秒","1","0","0"
"登録外","2013年02月05日10時35分09秒","2013年02月05日10時35分11秒","1","0","1"
"登録外","2013年02月05日10時35分11秒","2013年02月05日10時35分14秒","2","0","0"
"登録外","2013年02月05日10時35分14秒","2013年02月05日10時35分28秒","4","0","0"
"登録外","2013年02月05日10時35分28秒","2013年02月05日10時35分34秒","2","0","6"
"登録外","2013年02月05日10時35分34秒","2013年02月05日10時35分45秒","6","0","19"
"登録外","2013年02月05日10時35分45秒","2013年02月05日10時35分46秒","1","0","2"
"登録外","2013年02月05日10時35分46秒","2013年02月05日10時35分54秒","2","0","1"
"登録外","2013年02月05日10時35分54秒","2013年02月05日10時35分59秒","1","0","0"
"登録外","2013年02月05日10時35分59秒","2013年02月05日10時36分02秒","1","0","0"
"登録外","2013年02月05日10時36分02秒","2013年02月05日10時36分08秒","1","0","0"
"登録外","2013年02月05日10時36分08秒","2013年02月05日10時36分09秒","1","0","0"
"登録外","2013年02月05日10時36分09秒","2013年02月05日10時36分13秒","1","0","0"
"登録外","2013年02月05日10時36分13秒","2013年02月05日10時37分00秒","1","0","0"
"登録外","2013年02月05日10時37分00秒","2013年02月05日10時37分06秒","1","0","0"
"登録外","2013年02月05日10時37分06秒","2013年02月05日10時37分07秒","1","0","2"
"登録外","2013年02月05日10時37分07秒","2013年02月05日10時37分09秒","0","0","3"
"登録外","2013年02月05日10時37分09秒","2013年02月05日10時37分13秒","2","0","0"
"登録外","2013年02月05日10時37分13秒","2013年02月05日10時37分37秒","2","0","10"
"登録外","2013年02月05日10時37分37秒","2013年02月05日10時37分46秒","4","0","9"
"登録外","2013年02月05日10時37分46秒","2013年02月05日10時37分50秒","2","0","0"
"登録外","2013年02月05日10時37分50秒","2013年02月05日10時37分54秒","1","0","0"
"登録外","2013年02月05日10時37分54秒","2013年02月05日10時38分50秒","9","0","41"
"登録外","2013年02月05日10時38分50秒","2013年02月05日10時39分49秒","1","0","0"
"ファイル操作","2013年02月05日10時39分49秒","2013年02月05日10時39分50秒","1","0","0"
"登録外","2013年02月05日10時39分50秒","2013年02月05日10時39分51秒","1","0","0"
"登録外","2013年02月05日10時39分51秒","2013年02月05日10時40分03秒","4","0","14"
"登録外","2013年02月05日10時40分03秒","2013年02月05日10時40分25秒","2","0","22"
"登録外","2013年02月05日10時40分25秒","2013年02月05日10時40分26秒","1","0","0"
"登録外","2013年02月05日10時40分26秒","2013年02月05日10時40分32秒","1","0","1"
"ファイル操作","2013年02月05日10時40分32秒","2013年02月05日10時40分33秒","1","0","0"
"登録外","2013年02月05日10時40分33秒","2013年02月05日10時40分34秒","1","0","0"
"登録外","2013年02月05日10時40分34秒","2013年02月05日10時40分36秒","1","0","0"
"登録外","2013年02月05日10時40分36秒","2013年02月05日10時40分39秒","1","0","0"
"登録外","2013年02月05日10時40分39秒","2013年02月05日10時40分42秒","1","0","0"
"登録外","2013年02月05日10時40分42秒","2013年02月05日10時40分49秒","1","0","0"
"登録外","2013年02月05日10時40分49秒","2013年02月05日10時40分59秒","1","0","0"
"登録外","2013年02月05日10時40分59秒","2013年02月05日10時41分23秒","1","0","0"
"登録外","2013年02月05日10時41分23秒","2013年02月05日10時41分29秒","5","0","0"
"登録外","2013年02月05日10時41分29秒","2013年02月05日10時41分33秒","1","0","0"
"登録外","2013年02月05日10時41分33秒","2013年02月05日10時41分39秒","4","0","8"
"登録外","2013年02月05日10時41分39秒","2013年02月05日10時41分48秒","2","0","16"
"登録外","2013年02月05日10時41分48秒","2013年02月05日10時41分59秒","2","0","11"
"登録外","2013年02月05日10時41分59秒","2013年02月05日10時42分02秒","1","0","8"
"登録外","2013年02月05日10時42分02秒","2013年02月05日10時42分04秒","1","0","0"
"登録外","2013年02月05日10時42分04秒","2013年02月05日10時42分05秒","1","0","2"
"登録外","2013年02月05日10時42分05秒","2013年02月05日10時42分12秒","1","0","1"
"登録外","2013年02月05日10時42分12秒","2013年02月05日10時42分26秒","2","0","0"
"登録外","2013年02月05日10時42分26秒","2013年02月05日10時42分40秒","1","0","0"
"登録外","2013年02月05日10時42分40秒","2013年02月05日10時42分47秒","1","0","1"
"登録外","2013年02月05日10時42分47秒","2013年02月05日10時42分56秒","4","0","4"
"登録外","2013年02月05日10時42分56秒","2013年02月05日10時42分58秒","1","0","2"
"登録外","2013年02月05日10時42分58秒","2013年02月05日10時43分01秒","1","0","0"
"登録外","2013年02月05日10時43分01秒","2013年02月05日10時43分05秒","1","0","0"
"登録外","2013年02月05日10時43分05秒","2013年02月05日10時43分22秒","1","0","0"
"登録外","2013年02月05日10時43分22秒","2013年02月05日10時43分25秒","1","0","0"
"登録外","2013年02月05日10時43分25秒","2013年02月05日10時43分47秒","12","0","35"
"登録外","2013年02月05日10時43分47秒","2013年02月05日10時43分49秒","1","0","0"
"登録外","2013年02月05日10時43分49秒","2013年02月05日10時43分53秒","1","0","0"
"登録外","2013年02月05日10時43分53秒","2013年02月05日10時43分57秒","1","0","1"
"登録外","2013年02月05日10時43分57秒","2013年02月05日10時44分01秒","1","0","0"
"登録外","2013年02月05日10時44分01秒","2013年02月05日10時44分05秒","1","0","0"
"登録外","2013年02月05日10時44分05秒","2013年02月05日10時44分26秒","1","0","0"
"登録外","2013年02月05日10時44分26秒","2013年02月05日10時44分56秒","1","0","0"
"登録外","2013年02月05日10時44分56秒","2013年02月05日10時45分00秒","2","0","0"
"登録外","2013年02月05日10時45分00秒","2013年02月05日10時45分04秒","1","0","0"
"登録外","2013年02月05日10時45分04秒","2013年02月05日10時45分32秒","4","0","0"
"登録外","2013年02月05日10時45分32秒","2013年02月05日10時45分34秒","1","0","0"
"登録外","2013年02月05日10時45分34秒","2013年02月05日10時45分39秒","2","0","0"
"登録外","2013年02月05日10時45分39秒","2013年02月05日10時45分42秒","1","0","0"
"登録外","2013年02月05日10時45分42秒","2013年02月05日10時45分52秒","3","0","8"
"登録外","2013年02月05日10時45分52秒","2013年02月05日10時48分13秒","39","0","163"
"登録外","2013年02月05日10時48分13秒","2013年02月05日10時48分37秒","2","0","1"
"登録外","2013年02月05日10時48分37秒","2013年02月05日10時48分38秒","1","0","2"
"登録外","2013年02月05日10時48分38秒","2013年02月05日10時48分44秒","1","0","1"
"登録外","2013年02月05日10時48分44秒","2013年02月05日10時48分45秒","1","0","0"
"ファイル操作","2013年02月05日10時48分45秒","2013年02月05日10時48分47秒","1","0","0"
"登録外","2013年02月05日10時48分47秒","2013年02月05日10時48分48秒","1","0","0"
"登録外","2013年02月05日10時48分48秒","2013年02月05日10時49分12秒","2","0","1"
"登録外","2013年02月05日10時49分12秒","2013年02月05日10時49分13秒","0","0","2"
"登録外","2013年02月05日10時49分13秒","2013年02月05日10時49分19秒","3","0","7"
"登録外","2013年02月05日10時49分19秒","2013年02月05日10時49分27秒","5","0","5"
"登録外","2013年02月05日10時49分27秒","2013年02月05日10時49分29秒","0","0","0"
"登録外","2013年02月05日10時49分29秒","2013年02月05日10時49分31秒","1","0","0"
"登録外","2013年02月05日10時49分31秒","2013年02月05日10時49分50秒","4","0","4"
"登録外","2013年02月05日10時49分50秒","2013年02月05日10時49分59秒","1","0","0"
"登録外","2013年02月05日10時49分59秒","2013年02月05日10時50分04秒","0","0","0"
"登録外","2013年02月05日10時50分04秒","2013年02月05日10時50分16秒","10","0","12"
"ファイル操作","2013年02月05日10時50分16秒","2013年02月05日10時50分17秒","1","0","0"
"登録外","2013年02月05日10時50分17秒","2013年02月05日10時50分19秒","2","0","0"
"登録外","2013年02月05日10時50分19秒","2013年02月05日10時50分23秒","2","0","0"
"登録外","2013年02月05日10時50分23秒","2013年02月05日10時50分26秒","1","0","0"
"登録外","2013年02月05日10時50分26秒","2013年02月05日10時50分33秒","1","0","0"
"登録外","2013年02月05日10時50分33秒","2013年02月05日10時50分46秒","6","0","18"
"登録外","2013年02月05日10時50分46秒","2013年02月05日10時50分47秒","1","0","1"
"登録外","2013年02月05日10時50分47秒","2013年02月05日10時50分51秒","1","0","0"
"ファイル操作","2013年02月05日10時50分51秒","2013年02月05日10時50分52秒","1","0","0"
"登録外","2013年02月05日10時50分52秒","2013年02月05日10時51分19秒","2","0","0"
"登録外","2013年02月05日10時51分19秒","2013年02月05日10時51分20秒","1","0","0"
"登録外","2013年02月05日10時51分20秒","2013年02月05日10時51分23秒","1","0","0"
"登録外","2013年02月05日10時51分23秒","2013年02月05日10時51分26秒","1","0","0"
"登録外","2013年02月05日10時51分26秒","2013年02月05日10時51分28秒","1","0","0"
"登録外","2013年02月05日10時51分28秒","2013年02月05日10時51分36秒","1","0","0"
"登録外","2013年02月05日10時51分36秒","2013年02月05日10時51分39秒","1","0","0"
"登録外","2013年02月05日10時51分39秒","2013年02月05日10時52分02秒","12","0","0"
"登録外","2013年02月05日10時52分02秒","2013年02月05日10時52分17秒","1","0","0"
"登録外","2013年02月05日10時52分17秒","2013年02月05日10時52分24秒","3","0","7"
"登録外","2013年02月05日10時52分24秒","2013年02月05日10時52分28秒","6","0","8"
"登録外","2013年02月05日10時52分28秒","2013年02月05日10時52分30秒","1","0","0"
"登録外","2013年02月05日10時52分30秒","2013年02月05日10時52分33秒","1","0","0"
"登録外","2013年02月05日10時52分33秒","2013年02月05日10時52分35秒","2","0","0"
"登録外","2013年02月05日10時52分35秒","2013年02月05日10時52分37秒","1","0","0"
"登録外","2013年02月05日10時52分37秒","2013年02月05日10時52分42秒","1","0","0"
"登録外","2013年02月05日10時52分42秒","2013年02月05日10時52分53秒","3","0","21"
"登録外","2013年02月05日10時52分53秒","2013年02月05日10時53分21秒","7","0","10"
"登録外","2013年02月05日10時53分21秒","2013年02月05日10時53分23秒","1","0","0"
"登録外","2013年02月05日10時53分23秒","2013年02月05日10時53分42秒","2","0","0"
"登録外","2013年02月05日10時53分42秒","2013年02月05日10時53分45秒","1","0","0"
"登録外","2013年02月05日10時53分45秒","2013年02月05日10時53分49秒","2","0","0"
"登録外","2013年02月05日10時53分49秒","2013年02月05日10時53分50秒","1","0","0"
"登録外","2013年02月05日10時53分50秒","2013年02月05日10時54分01秒","1","0","0"
"登録外","2013年02月05日10時54分01秒","2013年02月05日10時54分03秒","1","0","0"
"登録外","2013年02月05日10時54分03秒","2013年02月05日10時54分05秒","1","0","0"
"登録外","2013年02月05日10時54分05秒","2013年02月05日10時54分07秒","1","0","0"
"登録外","2013年02月05日10時54分07秒","2013年02月05日10時55分04秒","25","0","38"
"登録外","2013年02月05日10時55分04秒","2013年02月05日10時55分28秒","3","0","26"
"登録外","2013年02月05日10時55分28秒","2013年02月05日10時55分29秒","1","0","1"
"登録外","2013年02月05日10時55分29秒","2013年02月05日10時55分36秒","1","0","0"
"登録外","2013年02月05日10時55分36秒","2013年02月05日10時55分40秒","2","0","3"
"登録外","2013年02月05日10時55分40秒","2013年02月05日10時55分41秒","0","0","1"
"登録外","2013年02月05日10時55分41秒","2013年02月05日10時55分44秒","1","0","3"
"登録外","2013年02月05日10時55分44秒","2013年02月05日10時55分46秒","0","0","5"
"登録外","2013年02月05日10時55分46秒","2013年02月05日10時55分47秒","1","0","1"
"登録外","2013年02月05日10時55分47秒","2013年02月05日10時56分02秒","2","0","0"
"登録外","2013年02月05日10時56分02秒","2013年02月05日10時56分06秒","0","0","3"
"登録外","2013年02月05日10時56分06秒","2013年02月05日10時56分10秒","0","0","4"
"登録外","2013年02月05日10時56分10秒","2013年02月05日10時56分24秒","5","0","2"
"登録外","2013年02月05日10時56分24秒","2013年02月05日10時56分49秒","14","0","28"
"登録外","2013年02月05日10時56分49秒","2013年02月05日10時57分02秒","1","0","0"
"登録外","2013年02月05日10時57分02秒","2013年02月05日10時59分10秒","5","0","1"
"登録外","2013年02月05日10時59分10秒","2013年02月05日10時59分11秒","1","0","0"
"登録外","2013年02月05日10時59分11秒","2013年02月05日10時59分20秒","5","0","0"
"登録外","2013年02月05日10時59分20秒","2013年02月05日10時59分22秒","1","0","2"
"登録外","2013年02月05日10時59分22秒","2013年02月05日11時00分04秒","3","0","0"
"登録外","2013年02月05日11時00分04秒","2013年02月05日11時02分22秒","7","0","0"
"登録外","2013年02月05日11時02分23秒","2013年02月05日11時02分25秒","1","0","2"
"登録外","2013年02月05日11時02分25秒","2013年02月05日11時02分26秒","1","0","0"
"登録外","2013年02月05日11時02分26秒","2013年02月05日11時02分27秒","1","0","0"
"ファイル操作","2013年02月05日11時02分28秒","2013年02月05日11時02分30秒","1","0","0"
"メール","2013年02月05日11時02分30秒","2013年02月05日11時02分32秒","2","0","0"
"メール","2013年02月05日11時02分32秒","2013年02月05日11時02分46秒","2","0","0"
"ファイル操作","2013年02月05日11時02分46秒","2013年02月05日11時02分48秒","1","0","0"
"メール","2013年02月05日11時02分48秒","2013年02月05日11時02分49秒","0","0","0"
"登録外","2013年02月05日11時02分49秒","2013年02月05日11時02分51秒","1","0","0"
"登録外","2013年02月05日11時02分51秒","2013年02月05日11時02分54秒","0","0","0"
"登録外","2013年02月05日11時02分54秒","2013年02月05日11時05分04秒","0","0","0"
"登録外","2013年02月05日11時05分04秒","2013年02月05日11時05分44秒","2","0","0"
"登録外","2013年02月05日11時05分44秒","2013年02月05日11時05分46秒","1","0","0"
"登録外","2013年02月05日11時05分46秒","2013年02月05日11時05分49秒","2","0","0"
"登録外","2013年02月05日11時05分49秒","2013年02月05日11時05分56秒","0","1","0"
"登録外","2013年02月05日11時05分56秒","2013年02月05日11時06分01秒","2","5","0"
"登録外","2013年02月05日11時06分01秒","2013年02月05日11時06分02秒","0","1","0"
"登録外","2013年02月05日11時06分02秒","2013年02月05日11時06分09秒","1","0","0"
"登録外","2013年02月05日11時06分09秒","2013年02月05日11時06分11秒","1","0","0"
"登録外","2013年02月05日11時06分11秒","2013年02月05日11時06分12秒","0","1","0"
"登録外","2013年02月05日11時06分12秒","2013年02月05日11時06分13秒","0","1","0"
"登録外","2013年02月05日11時06分13秒","2013年02月05日11時06分19秒","3","0","0"
"登録外","2013年02月05日11時06分19秒","2013年02月05日11時06分24秒","1","0","0"
"登録外","2013年02月05日11時06分24秒","2013年02月05日11時06分42秒","1","2","0"
"登録外","2013年02月05日11時06分42秒","2013年02月05日11時06分47秒","1","0","0"
"登録外","2013年02月05日11時06分47秒","2013年02月05日11時06分50秒","1","0","0"
"登録外","2013年02月05日11時06分50秒","2013年02月05日11時06分51秒","0","0","0"
"登録外","2013年02月05日11時06分51秒","2013年02月05日11時06分52秒","2","0","0"
"登録外","2013年02月05日11時06分52秒","2013年02月05日11時07分00秒","3","0","0"
"登録外","2013年02月05日11時07分00秒","2013年02月05日11時07分01秒","1","0","0"
"登録外","2013年02月05日11時07分01秒","2013年02月05日11時07分03秒","1","0","0"
"登録外","2013年02月05日11時07分03秒","2013年02月05日11時07分13秒","1","0","0"
"ファイル操作","2013年02月05日11時07分13秒","2013年02月05日11時07分14秒","1","0","0"
"登録外","2013年02月05日11時07分14秒","2013年02月05日11時07分21秒","3","0","0"
"登録外","2013年02月05日11時07分21秒","2013年02月05日11時07分23秒","2","0","0"
"登録外","2013年02月05日11時07分23秒","2013年02月05日11時07分24秒","1","0","0"
"登録外","2013年02月05日11時07分24秒","2013年02月05日11時07分25秒","1","0","0"
"登録外","2013年02月05日11時07分25秒","2013年02月05日11時07分38秒","13","1","0"
"登録外","2013年02月05日11時07分38秒","2013年02月05日11時07分40秒","1","0","0"
"登録外","2013年02月05日11時07分40秒","2013年02月05日11時07分41秒","1","0","0"
"登録外","2013年02月05日11時07分41秒","2013年02月05日11時07分45秒","1","0","0"
"登録外","2013年02月05日11時07分45秒","2013年02月05日11時07分49秒","1","0","0"
"登録外","2013年02月05日11時07分49秒","2013年02月05日11時08分02秒","4","1","0"
"登録外","2013年02月05日11時08分02秒","2013年02月05日11時08分03秒","0","1","0"
"登録外","2013年02月05日11時08分03秒","2013年02月05日11時08分09秒","4","1","0"
"登録外","2013年02月05日11時08分09秒","2013年02月05日11時08分11秒","1","0","0"
"登録外","2013年02月05日11時08分11秒","2013年02月05日11時08分13秒","1","0","0"
"登録外","2013年02月05日11時08分13秒","2013年02月05日11時08分15秒","1","0","0"
"登録外","2013年02月05日11時08分15秒","2013年02月05日11時08分16秒","1","0","0"
"登録外","2013年02月05日11時08分16秒","2013年02月05日11時08分18秒","1","1","0"
"登録外","2013年02月05日11時08分18秒","2013年02月05日11時08分20秒","1","0","0"
"登録外","2013年02月05日11時08分20秒","2013年02月05日11時08分22秒","4","0","0"
"登録外","2013年02月05日11時08分22秒","2013年02月05日11時08分24秒","1","1","0"
"登録外","2013年02月05日11時08分24秒","2013年02月05日11時08分25秒","0","0","0"
"登録外","2013年02月05日11時08分25秒","2013年02月05日11時08分27秒","1","0","0"
"登録外","2013年02月05日11時08分27秒","2013年02月05日11時08分29秒","3","0","0"
"登録外","2013年02月05日11時08分29秒","2013年02月05日11時08分32秒","1","1","0"
"登録外","2013年02月05日11時08分32秒","2013年02月05日11時08分33秒","0","0","0"
"登録外","2013年02月05日11時08分33秒","2013年02月05日11時08分44秒","1","0","0"
"登録外","2013年02月05日11時08分44秒","2013年02月05日11時08分47秒","1","0","0"
"ファイル操作","2013年02月05日11時08分47秒","2013年02月05日11時08分48秒","1","0","0"
"ファイル操作","2013年02月05日11時08分48秒","2013年02月05日11時08分49秒","0","0","0"
"ファイル操作","2013年02月05日11時08分49秒","2013年02月05日11時08分50秒","2","0","0"
"ファイル操作","2013年02月05日11時08分50秒","2013年02月05日11時08分51秒","2","0","0"
"ファイル操作","2013年02月05日11時08分51秒","2013年02月05日11時08分54秒","1","1","0"
"登録外","2013年02月05日11時08分54秒","2013年02月05日11時08分58秒","1","0","0"
"登録外","2013年02月05日11時08分58秒","2013年02月05日11時08分59秒","0","0","0"
"登録外","2013年02月05日11時08分59秒","2013年02月05日11時09分00秒","1","0","0"
"ファイル操作","2013年02月05日11時09分00秒","2013年02月05日11時09分01秒","2","0","0"
"ファイル操作","2013年02月05日11時09分01秒","2013年02月05日11時09分03秒","3","0","0"
"ファイル操作","2013年02月05日11時09分03秒","2013年02月05日11時09分04秒","1","0","0"
"ファイル操作","2013年02月05日11時09分04秒","2013年02月05日11時09分06秒","1","0","0"
"ファイル操作","2013年02月05日11時09分06秒","2013年02月05日11時09分07秒","1","0","0"
"ファイル操作","2013年02月05日11時09分07秒","2013年02月05日11時09分08秒","2","0","0"
"ファイル操作","2013年02月05日11時09分08秒","2013年02月05日11時09分12秒","2","1","0"
"登録外","2013年02月05日11時09分12秒","2013年02月05日11時09分13秒","0","0","0"
"登録外","2013年02月05日11時09分13秒","2013年02月05日11時09分21秒","1","0","26"
"登録外","2013年02月05日11時09分21秒","2013年02月05日11時09分57秒","3","0","0"
"登録外","2013年02月05日11時09分57秒","2013年02月05日11時10分05秒","4","0","1"
"登録外","2013年02月05日11時10分05秒","2013年02月05日11時10分09秒","4","0","0"
"登録外","2013年02月05日11時10分09秒","2013年02月05日11時10分12秒","1","1","0"
"登録外","2013年02月05日11時10分12秒","2013年02月05日11時10分17秒","1","0","0"
"登録外","2013年02月05日11時10分17秒","2013年02月05日11時10分19秒","4","0","0"
"登録外","2013年02月05日11時10分19秒","2013年02月05日11時10分30秒","1","0","0"
"登録外","2013年02月05日11時10分30秒","2013年02月05日11時10分31秒","1","0","0"
"登録外","2013年02月05日11時10分31秒","2013年02月05日11時10分51秒","1","0","0"
"登録外","2013年02月05日11時10分51秒","2013年02月05日11時10分57秒","3","0","4"
"登録外","2013年02月05日11時10分57秒","2013年02月05日11時11分00秒","1","0","0"
"登録外","2013年02月05日11時11分00秒","2013年02月05日11時11分01秒","0","0","0"
"登録外","2013年02月05日11時11分01秒","2013年02月05日11時11分02秒","0","0","1"
"登録外","2013年02月05日11時11分02秒","2013年02月05日11時11分08秒","1","0","1"
"登録外","2013年02月05日11時11分08秒","2013年02月05日11時11分33秒","2","0","0"
"登録外","2013年02月05日11時11分33秒","2013年02月05日11時11分34秒","1","0","0"
"登録外","2013年02月05日11時11分34秒","2013年02月05日11時11分36秒","1","0","0"
"登録外","2013年02月05日11時11分36秒","2013年02月05日11時11分38秒","1","0","0"
"登録外","2013年02月05日11時11分38秒","2013年02月05日11時11分41秒","2","0","0"
"登録外","2013年02月05日11時11分41秒","2013年02月05日11時11分45秒","3","0","0"
"登録外","2013年02月05日11時11分45秒","2013年02月05日11時12分19秒","2","0","0"
"登録外","2013年02月05日11時12分19秒","2013年02月05日11時12分29秒","8","0","0"
"登録外","2013年02月05日11時12分29秒","2013年02月05日11時12分59秒","0","1","0"
"登録外","2013年02月05日11時12分59秒","2013年02月05日11時13分03秒","1","0","0"
"登録外","2013年02月05日11時13分03秒","2013年02月05日11時13分04秒","1","0","0"
"登録外","2013年02月05日11時13分04秒","2013年02月05日11時13分05秒","0","0","0"
"登録外","2013年02月05日11時13分05秒","2013年02月05日11時13分06秒","1","0","0"
"登録外","2013年02月05日11時13分06秒","2013年02月05日11時13分12秒","2","0","0"
"登録外","2013年02月05日11時13分12秒","2013年02月05日11時13分13秒","0","0","0"
"登録外","2013年02月05日11時13分13秒","2013年02月05日11時13分15秒","0","0","2"
"登録外","2013年02月05日11時13分15秒","2013年02月05日11時13分17秒","2","0","0"
"登録外","2013年02月05日11時13分17秒","2013年02月05日11時13分25秒","4","3","0"
"登録外","2013年02月05日11時13分25秒","2013年02月05日11時13分27秒","0","0","2"
"登録外","2013年02月05日11時13分27秒","2013年02月05日11時13分29秒","2","0","0"
"登録外","2013年02月05日11時13分29秒","2013年02月05日11時14分00秒","11","1","0"
"登録外","2013年02月05日11時14分00秒","2013年02月05日11時14分18秒","4","0","0"
"ファイル操作","2013年02月05日11時14分18秒","2013年02月05日11時14分20秒","1","0","0"
"登録外","2013年02月05日11時14分20秒","2013年02月05日11時14分31秒","2","0","0"
"登録外","2013年02月05日11時14分31秒","2013年02月05日11時14分41秒","1","0","0"
"登録外","2013年02月05日11時14分41秒","2013年02月05日11時14分45秒","1","0","2"
"登録外","2013年02月05日11時14分45秒","2013年02月05日11時14分55秒","1","0","21"
"登録外","2013年02月05日11時14分55秒","2013年02月05日11時15分05秒","0","0","0"
"登録外","2013年02月05日11時15分05秒","2013年02月05日11時15分44秒","2","0","0"
"登録外","2013年02月05日11時15分44秒","2013年02月05日11時15分45秒","1","0","0"
"登録外","2013年02月05日11時15分45秒","2013年02月05日11時15分53秒","1","0","0"
"登録外","2013年02月05日11時15分53秒","2013年02月05日11時16分04秒","5","0","4"
"登録外","2013年02月05日11時16分04秒","2013年02月05日11時16分12秒","2","0","13"
"登録外","2013年02月05日11時16分12秒","2013年02月05日11時16分13秒","1","0","0"
"登録外","2013年02月05日11時16分13秒","2013年02月05日11時16分21秒","3","0","1"
"登録外","2013年02月05日11時16分21秒","2013年02月05日11時16分25秒","1","1","0"
"登録外","2013年02月05日11時16分25秒","2013年02月05日11時16分27秒","1","0","0"
"登録外","2013年02月05日11時16分27秒","2013年02月05日11時16分31秒","1","0","0"
"登録外","2013年02月05日11時16分31秒","2013年02月05日11時16分34秒","1","0","0"
"登録外","2013年02月05日11時16分34秒","2013年02月05日11時16分38秒","1","1","0"
"登録外","2013年02月05日11時16分38秒","2013年02月05日11時16分41秒","1","0","0"
"登録外","2013年02月05日11時16分41秒","2013年02月05日11時16分50秒","2","0","0"
"登録外","2013年02月05日11時16分50秒","2013年02月05日11時17分04秒","0","0","1"
"登録外","2013年02月05日11時17分04秒","2013年02月05日11時17分05秒","0","0","1"
"登録外","2013年02月05日11時17分05秒","2013年02月05日11時17分06秒","0","0","1"
"登録外","2013年02月05日11時17分06秒","2013年02月05日11時17分07秒","0","0","1"
"登録外","2013年02月05日11時17分07秒","2013年02月05日11時17分13秒","0","0","15"
"登録外","2013年02月05日11時17分13秒","2013年02月05日11時17分16秒","0","0","2"
"登録外","2013年02月05日11時17分16秒","2013年02月05日11時17分19秒","0","0","1"
"登録外","2013年02月05日11時17分19秒","2013年02月05日11時17分21秒","0","0","2"
"登録外","2013年02月05日11時17分21秒","2013年02月05日11時17分24秒","2","0","4"
"登録外","2013年02月05日11時17分24秒","2013年02月05日11時17分26秒","0","0","0"
"登録外","2013年02月05日11時17分26秒","2013年02月05日11時17分47秒","4","0","0"
"登録外","2013年02月05日11時17分47秒","2013年02月05日11時17分52秒","1","0","0"
"登録外","2013年02月05日11時17分52秒","2013年02月05日11時17分56秒","1","0","0"
"登録外","2013年02月05日11時17分56秒","2013年02月05日11時17分58秒","1","0","0"
"登録外","2013年02月05日11時17分58秒","2013年02月05日11時19分56秒","1","0","0"
"ブラウザ","2013年02月05日11時19分56秒","2013年02月05日11時20分04秒","2","0","0"
"ブラウザ","2013年02月05日11時20分04秒","2013年02月05日11時20分05秒","0","0","2"
